-13.643619787424214 -3.372253016122987 23.29771418877394 1.0 1.0 96.16 236.351 2.0 123.064 261.773 3 110.865 265.856 4 72.1633 246.242
-13.643619787424221 -3.3722530161229893 23.297714188773956 1.0 1.0 96.16 236.351 2.0 123.064 261.773 3 110.865 265.856 4 72.1633 246.242
-12.734110982265076 -4.268000892516976 22.58385855819055 1.0 1.0 107.735 212.758 2.0 133.311 238.528 3 120.34 241.347 4 82.4595 221.513
-12.78535798853124 -3.517479693969308 23.110475985505953 1.0 1.0 113.367 232.375 2.0 139.092 257.442
-12.736091514088953 -3.590598109807778 23.289556306464373 1.0 1.0 116.75 231.328 2.0 142.458 256.36 3 130.027 259.618
-4.459180427055525 -3.4904204848501275 14.590337858852456 1.0 1.0 244.89 186.07 2.0 253.329 205.313
-3.450374186510288 -1.6110289226002437 12.168678323867654 1.0 1.0 256.59 242.962 2.0 258.873 260.628
-3.2359970884174185 -1.7372053869132278 11.857006188112098 1.0 1.0 262.239 235.433 2.0 263.445 252.674
-2.924853442576816 0.3565285931709657 10.900069170933614 1.0 1.0 264.676 330.682 2.0 262.97 349.862
-2.924853442576816 0.3565285931709657 10.900069170933614 1.0 1.0 264.676 330.682 2.0 262.97 349.862
-2.7779294229887905 0.23957992049787505 10.826714409482227 1.0 1.0 270.918 325.059 2.0 268.957 343.911
-3.458650685379207 -3.764656199193881 13.571711781017674 1.0 1.0 271.858 165.807 2.0 277.475 183.425 3 244.15 179.345 4 217.903 165.556 5 331.042 77.3662
-2.809248090585407 -1.3655735342847743 11.340326544078016 1.0 1.0 275.604 249.388 2.0 275.174 266.019
-2.638569660003799 -1.2654507398063553 11.076854787933028 1.0 1.0 280.659 252.668 2.0 279.313 269.068
-3.0499081781015778 -3.7668595590387337 13.295772147161157 1.0 1.0 285.388 162.626 2.0 290.183 179.598
-2.538378174973097 -2.1041062570479756 11.171593238816033 1.0 1.0 286.507 213.217 2.0 285.242 228.794 3 241.693 223.775 4 217.304 210.941
-2.3888053602726385 -0.9055777344948385 10.617757912544786 1.0 1.0 287.691 268.02 2.0 284.712 284.424
-2.175436354128496 -0.10102647738026924 10.19632583206076 1.0 1.0 293.868 308.094 2.0 289.506 325.491
-2.1560545833275873 -0.18128694148575145 10.165341780369763 1.0 1.0 294.535 303.881 2.0 290.014 321.083
-2.178943698185906 -0.7897507656503702 10.393472043052256 1.0 1.0 295.834 272.981 2.0 292.087 289.162 3 243.881 285.136 4 220.09 273.428
-2.178943698185906 -0.7897507656503702 10.393472043052256 1.0 1.0 295.834 272.981 2.0 292.087 289.162 3 243.881 285.136 4 220.09 273.428
-2.262709019680344 -2.1171173013260747 10.79597778516929 1.0 1.0 295.877 209.067 2.0 293.219 223.982 3 247.931 218.479 4 224.011 205.698
-2.1756685499979764 -1.1256473397315145 10.44397333845516 1.0 1.0 296.53 256.118 2.0 292.884 271.71
-1.9558221721871003 0.27306557863143577 9.853216305681753 1.0 1.0 301.764 328.067 2.0 296.166 346.058 3 244.12 344.851 4 221.101 332.207
-1.936171032053245 0.05691176346391134 9.765068554417489 1.0 1.0 301.881 316.432 2.0 295.761 333.856
-1.9570214899275205 -0.2488656738091578 9.972801650782012 1.0 1.0 302.96 300.094 2.0 297.715 316.872
-2.0955377520984584 -2.454407817703434 10.737012253051729 1.0 1.0 303.524 191.835 2.0 300.59 206.01
-1.8869740943522308 0.007893671600433942 9.804783974310583 1.0 1.0 304.967 313.804 2.0 299.105 330.994
-1.8995429976634817 -0.6188973788859122 9.991108756281907 1.0 1.0 306.205 280.433 2.0 300.946 296.379 3 250.123 292.705 4 226.946 281.265
-1.9093891989531742 -1.039603694943131 10.133520758646664 1.0 1.0 307.097 258.875 2.0 302.324 274.041 3 252.358 269.942 4 229.598 257.857
-1.6217275249936125 0.3750407177023279 9.394866883104893 1.0 1.0 315.504 334.596 2.0 308.099 352.397
-1.5482709196276272 0.7305757653191854 9.222115442158234 1.0 1.0 318.027 355.38 2.0 309.982 374.413 4 231.135 362.304 5 189.671 339.55
-1.6284020056314623 -1.3589675722445327 9.840993521302508 1.0 1.0 319.297 239.95 2.0 313.264 253.995
-1.5605374814424842 -0.9855719585617253 9.694839258657789 1.0 1.0 321.679 259.374 2.0 315.232 273.804
-1.4304132112478471 0.1840431069180874 9.27203670941747 1.0 1.0 325.252 323.888 2.0 317.423 340.995 3 261.724 338.465 4 239.195 327.045 5 181.335 305.175
-1.2809503319190823 1.2326732673472225 8.797778097909267 1.0 1.0 329.866 387.643 2.0 320.243 408.651
-1.3117844069216331 0.047314772341133605 9.215920290620682 1.0 1.0 331.58 316.138 2.0 323.618 332.555
-1.2999807033339241 -0.1393257621311876 9.167200091539287 1.0 1.0 331.863 305.314 2.0 323.531 321.171
-1.175766883459465 -1.4024144813265886 9.342417703942811 1.0 1.0 340.321 233.632 2.0 332.414 246.172
-1.0940948467321496 0.2847736465848762 8.762597342268911 1.0 1.0 340.872 330.626 2.0 330.907 347.535 4 249.877 334.602 5 189.653 313.493
-1.134641092438249 -1.6174199316640097 9.368063687030608 1.0 1.0 342.832 221.657 2.0 335.001 233.683
-1.0067571313912649 -0.3789765523995395 8.854165903008932 1.0 1.0 346.782 290.673 2.0 337.15 305.162 3 279.014 300.704
-0.9572389044684958 0.6280121827633236 8.650677088523743 1.0 1.0 348.42 351.913 2.0 338.39 370.027
-0.9572389044684958 0.6280121827633236 8.650677088523743 1.0 1.0 348.42 351.913 2.0 338.39 370.027
-0.8499348359900278 0.5633700561909728 8.339480203995647 1.0 1.0 353.056 349.287 2.0 341.307 366.915 4 258.384 355.061
-0.8729119327093735 -0.9377235184188897 8.842419238811663 1.0 1.0 354.733 257.066 2.0 344.962 269.637
-0.7875603863310738 -0.08215859885180955 8.550051147045911 1.0 1.0 358.254 308.309 2.0 347.572 323.314
-0.7875603863310738 -0.08215859885180955 8.550051147045911 1.0 1.0 358.254 308.309 2.0 347.572 323.314
-0.7020891366354338 1.1017835550566586 8.12859041006751 1.0 1.0 361.322 385.248 2.0 349.092 405.661
-0.7162546095338167 -2.0680766948840055 8.93383047022248 1.0 1.0 364.596 190.309 2.0 354.823 199.982
-0.6838617532259703 -2.2754220048762965 8.960458186052989 1.0 1.0 366.661 178.318 2.0 356.913 187.628
-0.6266713859517461 -1.308269782122455 8.732194309638356 1.0 1.0 369.053 233.762 2.0 358.951 244.757 3 300.005 234.924 4 278.834 226.421 5 219.918 192.122
-0.49626325484974276 -0.029713467274719567 8.561195323188011 1.0 1.0 376.398 311.513 2.0 366.74 326.493 3 307.121 323.069 5 226.19 289.305
-0.49626325484974276 -0.029713467274719567 8.561195323188011 1.0 1.0 376.398 311.513 2.0 366.74 326.493 3 307.121 323.069 5 226.19 289.305
-0.2133671569404244 1.3715116107515555 5.572812829618613 1.0 1.0 386.853 444.038 2.0 351.929 470.511
-0.2133671569404244 1.3715116107515555 5.572812829618613 1.0 1.0 386.853 444.038 2.0 351.929 470.511
-0.27786895714505133 0.48057805743859466 8.727354858319373 1.0 1.0 390.276 342.639 2.0 382.832 359.513
-0.2101035774501516 -1.2348777582016939 9.184677386122855 1.0 1.0 395.019 241.936 2.0 388.652 253.098 3 335.49 244.791 4 313.18 237.099 5 260.946 205.372
0.05349812287115172 -3.933960655119833 11.453945475295543 1.0 1.0 409.743 130.586 2.0 410.717 140.509 4 349.051 121.986
0.2734889426228106 -2.015357251096748 9.90403429145604 1.0 1.0 421.84 205.204 2.0 419.389 214.74 4 349.837 198.099 5 305.552 163.73
0.3588065365641714 -1.9842033795195215 9.917706842582536 1.0 1.0 426.407 206.967 2.0 424.243 216.551 3 378.623 206.808 4 355.293 200.111
0.386892314788764 -2.1638132449364877 9.929507065067563 1.0 1.0 427.875 197.512 2.0 425.675 206.589 3 380.343 196.303
0.8541854102366803 -2.5751648802904157 10.69208002944665 1.0 1.0 449.645 185.231 2.0 451.059 194.094
0.9575216714786654 -3.9773204190674276 10.9136711545229 1.0 1.0 453.895 119.383 2.0 454.694 126.464
1.257752584454526 -2.6374149919495657 10.401081739099698 1.0 1.0 471.423 178.514 2.0 472.962 185.85 3 464.892 165.029 4 440.072 161.643
1.350323317408993 -1.9411961603131829 10.172484969222994 1.0 1.0 477.668 211.954 2.0 479.634 220.165 3 449.932 208.219
1.857395178984084 -3.989375439316737 10.382182257439567 1.0 1.0 502.337 108.834 2.0 503.805 112.532 3 337.639 146.394
1.9338832766803453 -3.977920360971251 10.300271746284542 1.0 1.0 507.067 107.749 2.0 508.482 111.152 3 447.707 103.779 5 414.003 47.4409
2.0246723201497794 -3.441157156837757 10.171307313161162 1.0 1.0 512.987 133.34 2.0 515.194 136.969 4 450.457 119.865 5 419.091 77.5848
2.103431744817697 -4.002395069535727 10.276007656813029 1.0 1.0 516.087 105.967 2.0 517.931 108.886 3 478.843 92.5484 4 454.822 90.6704
2.116122575230459 -2.755737494833404 10.07308990122819 1.0 1.0 518.808 167.807 2.0 522.08 172.507 3 482.067 158.66 4 456.683 156.348 5 425.713 117.362
2.137150883532975 -3.33213569435864 10.12476897322272 1.0 1.0 519.356 138.27 2.0 522.02 141.685
2.175202747959369 -3.3391108349513443 10.199136116672118 1.0 1.0 520.541 139.141 2.0 523.524 142.737 4 459.71 126.102 5 429.94 83.9954
2.1203178224093238 -0.14992511513580722 9.638330037249997 1.0 1.0 524.024 305.086 2.0 530.039 317.487 3 488.154 312.968 4 459.305 306.22 5 425.317 284.035
2.1203178224093238 -0.14992511513580722 9.638330037249997 1.0 1.0 524.024 305.086 2.0 530.039 317.487 3 488.154 312.968 4 459.305 306.22 5 425.317 284.035
2.171935260753623 -0.17917602688070378 9.63554289860898 1.0 1.0 526.902 303.474 2.0 533.127 315.683 4 472.386 311.482 5 430.322 208.043
2.479877281659316 -3.947797550886776 10.651469084153016 1.0 1.0 530.96 116.104 2.0 535.408 119.04 3 498.902 103.507 4 487.482 109.655 5 463.335 67.3969
2.3646086111371365 -0.9242206701673767 10.024410862674737 1.0 1.0 532.451 264.392 2.0 539.475 273.871 5 508.832 289.58
2.353964638191816 -0.06463823090378437 9.904791807153869 1.0 1.0 533.418 309.843 2.0 541.383 322.672 5 306.302 201.554
2.5446991365945464 -3.882416165591454 10.587409706957406 1.0 1.0 534.979 118.161 2.0 539.546 120.96 3 504.069 105.95 4 478.172 103.798 5 452.138 60.5043
2.5202801342734995 -3.2030495444987572 10.380209371412795 1.0 1.0 536.223 149.14 2.0 541.232 152.769
2.49334428563915 -1.9488704766021534 10.182596702232914 1.0 1.0 537.232 211.609 2.0 543.651 217.873
2.5531619138416746 -2.0073083495384907 10.353411717020865 1.0 1.0 538.144 210.315 2.0 545.168 216.604
2.464294259695489 -0.8311267943283855 9.96240981929862 1.0 1.0 538.546 269.053 2.0 546.037 278.643
2.7095823888791832 -2.3408296456215436 10.635702968713222 1.0 1.0 542.493 196.344 2.0 550.3 202.08 3 515.454 191.026 4 487.446 188.507
2.6738514638544038 -1.204014187515574 10.422489521445986 1.0 1.0 543.428 251.975 2.0 552.337 260.704 3 516.816 252.98 4 487.385 248.933 5 460.337 221.614
2.6738514638544038 -1.204014187515574 10.422489521445986 1.0 1.0 543.428 251.975 2.0 552.337 260.704 3 516.816 252.98 4 487.385 248.933 5 460.337 221.614
2.6436982209943256 -0.8226267082917564 10.27704525550355 1.0 1.0 543.797 270.845 2.0 552.848 280.688 5 460.144 244.566
2.7358199733806217 -2.3791935348484845 10.580727705182145 1.0 1.0 544.527 193.776 2.0 552.237 199.303 4 489.485 186.077 5 464.034 152.204
2.683539400454924 -0.05268260737211984 10.303821447937635 1.0 1.0 545.521 310.579 2.0 555.961 323.486 4 488.26 312.933 5 460.287 292.682
2.819916356396373 -3.2161486423610532 10.805814916058253 1.0 1.0 545.86 154.978 2.0 553.072 158.987 3 519.331 145.71 4 492.484 143.994 5 468.383 105.684
2.875237762899223 -3.851966243454004 10.982847444106971 1.0 1.0 546.355 126.673 2.0 553.162 129.805 3 519.836 115.288 4 493.748 113.958 5 470.62 72.3574
2.7988225830563547 -2.571632929993085 10.646633796291948 1.0 1.0 546.817 184.915 2.0 554.652 189.94 3 524.487 292.321 4 492.604 176.191
2.8030426264642063 -2.2940996186883416 10.631421344400058 1.0 1.0 547.215 198.637 2.0 555.47 204.315 3 521.078 193.422 4 492.994 191.011 5 467.942 157.597
2.7875867978521023 -1.166907398333765 10.450607596564808 1.0 1.0 548.845 254.017 2.0 558.377 262.772 4 493.448 251.064
2.765550243410781 0.34053345759474396 10.203808605186508 1.0 1.0 551.144 331.043 2.0 562.439 345.397 3 526.535 343.515 4 494.41 335.407
2.765550243410781 0.34053345759474396 10.203808605186508 1.0 1.0 551.144 331.043 2.0 562.439 345.397 3 526.535 343.515 4 494.41 335.407
2.852748610735548 -1.19986025987831 10.500554584772766 1.0 1.0 551.464 252.64 2.0 561.346 261.254 4 496.944 249.816
2.8520869009064977 -0.8395367389312013 10.457361544219696 1.0 1.0 552.023 270.725 2.0 562.384 280.474 3 527.606 274.394 4 497.133 269.435 5 471.072 244.827
2.8520869009064977 -0.8395367389312013 10.457361544219696 1.0 1.0 552.023 270.725 2.0 562.384 280.474 3 527.606 274.394 4 497.133 269.435 5 471.072 244.827
2.907101361686569 -2.1117935581383156 10.61241589303795 1.0 1.0 552.658 207.602 2.0 561.617 213.495
2.9068028825261374 -1.9312338603211237 10.56281336051385 1.0 1.0 553.331 216.182 2.0 562.455 222.525
2.951118060352863 -2.244719531617828 10.665860171798599 1.0 1.0 554.137 201.467 2.0 563.161 207.094 3 529.318 195.909 4 501.043 193.632 5 477.076 160.344
2.912789876114167 -0.7299016003384576 10.41770862399171 1.0 1.0 555.669 276.16 2.0 566.418 286.163 3 531.581 279.308 4 500.91 274.831
2.939113549551007 -0.3566937818611679 10.44721319039149 1.0 1.0 556.599 295.221 2.0 568.096 306.677 3 533.357 301.753 4 501.982 295.905
2.9150817704700867 -0.3516130918628736 10.341963977051666 1.0 1.0 556.883 295.308 2.0 568.096 306.677 3 533.357 301.753 4 501.982 295.905
2.91083362288055 0.5249300154929385 10.276665028126336 1.0 1.0 557.646 340.356 2.0 570.088 355.604 3 534.629 354.624 4 501.679 346.04 5 474.12 329.255
3.1082174486056156 -2.458867092212381 10.447967896830317 1.0 1.0 565.209 188.191 2.0 574.116 192.503 3 539.879 180.01 4 511.365 178.65 5 488.052 142.816
3.1019270747000807 -2.5531119356829115 10.413538337230271 1.0 1.0 565.407 182.975 2.0 574.073 186.924 4 511.52 191.75 5 487.833 157.567
3.071753225031647 -2.07975899154259 10.287893835615346 1.0 1.0 565.766 205.875 2.0 574.836 210.942 3 540.424 199.519 4 511.443 197.83 5 487.528 164.332
3.0963930537020103 -2.307297566211505 10.35820055337129 1.0 1.0 565.957 194.918 2.0 574.904 199.42 3 540.599 187.498 5 488.289 151.203
3.0954550348051395 -1.4869850115566083 10.254220183378706 1.0 1.0 567.496 236.304 2.0 577.622 243.119 3 542.9 233.615 4 512.639 230.853 5 488.285 201.039
3.1542193130724723 -2.7784635968824065 10.419505652542577 1.0 1.0 567.988 171.542 2.0 576.529 174.781 3 542.634 161.413 4 514.408 160.567 5 491.555 122.868
3.080460357067205 -0.91364510398097 10.155832720679783 1.0 1.0 568.275 265.547 2.0 579.088 274.33 3 544.02 266.776 4 512.789 262.944 5 487.647 236.699
3.152401523389328 -1.931470755873962 10.33650520437228 1.0 1.0 569.164 214.007 2.0 578.952 219.512 3 544.482 208.556 4 514.691 206.705 5 491.144 174.307
3.066066609380276 -0.26591016828040787 10.039843599427886 1.0 1.0 569.38 299.282 2.0 581.014 310.531
3.079795266027563 1.0340042458692478 9.904554090901726 1.0 1.0 572.358 368.635 2.0 586.093 386.192 3 550.135 387.673
3.8559089206182624 -2.941598384487327 11.23814107430688 1.0 1.0 589.452 174.125 2.0 602.164 177.662 3 573.575 165.745 4 543.422 164.978
3.838161672266651 -2.427698238217634 11.120984778835066 1.0 1.0 590.485 197.301 2.0 603.861 201.835 3 575.053 190.36 4 544.099 189.346
3.842063609187869 -1.917556608114733 11.061057063370377 1.0 1.0 591.667 221.187 2.0 605.815 227.094 3 576.914 217.046 4 544.961 215.359 5 526.859 185.624
3.8782821929771902 -0.034472029008146346 10.907343974551983 1.0 1.0 596.037 311.65 2.0 613.354 323.896 3 584.234 320.845 4 548.68 314.563 5 529.237 295.67
4.851422692776269 -2.2124456202694747 12.194727393634373 1.0 1.0 618.477 216.899 2.0 637.612 222.582 3 614.857 213.338 4 580.741 212.17 5 568.592 183.661
5.017536739663411 -1.6781235197962714 12.343563722042054 1.0 1.0 623.054 241.132 2.0 643.874 248.211 3 622.201 240.637 4 586.539 238.619 5 575.363 213.34
4.979841310600622 0.02134613060713531 12.129193858588462 1.0 1.0 625.252 314.251 2.0 648.582 326.701 5 575.759 299.712
5.221856612712948 -2.2895035564424533 12.569841238106564 1.0 1.0 627.796 216.578 2.0 648.609 222.082 3 627.953 212.957 4 592.929 212.004 5 583.057 184.288
5.092849328160034 -0.48834451554876274 12.254292022662508 1.0 1.0 627.916 292.16 2.0 650.958 302.819 3 652.888 305.327 4 612.872 300.545
5.416673806843654 -2.550638831529374 12.812475790400596 1.0 1.0 631.698 207.564 2.0 652.982 212.584 4 598.105 202.961
5.233965649501553 1.661396232743117 12.317355427365833 1.0 1.0 632.9 384.681 2.0 660.151 403.859
5.365308164858431 0.3409654051986877 12.532522488857026 1.0 1.0 634.586 327.698 2.0 660.207 341.375 3 640.09 340.028 4 599.837 333.077 5 588.777 317.696
5.574814045013378 -2.569672158868589 12.993930951961348 1.0 1.0 635.033 208.249 2.0 656.972 213.351 3 637.83 203.454 4 602.393 202.446 5 594.234 175.259
5.696107248854208 -2.06010800568515 13.144753133859028 1.0 1.0 637.316 230.075 2.0 660.575 236.527 3 641.813 228.954 4 605.103 227.461 5 597.131 201.57
5.6009090752494 -1.4384697265465138 12.895923587893721 1.0 1.0 637.832 254.112 2.0 661.676 261.957 3 642.503 254.999 4 605.134 252.627
5.512075141949788 -1.1633958614691446 12.662728672515774 1.0 1.0 638.368 264.534 2.0 662.255 273.037 5 596.424 240.986
5.952524917026399 -2.568868828050993 13.436812046790905 1.0 1.0 642.436 211.779 2.0 665.995 217.066 4 612.146 207.628 5 605.372 180.702
5.999754451896553 -1.668756128448941 13.395298925217757 1.0 1.0 645.057 247.153 2.0 670.175 254.651 3 652.716 247.38
5.843640100505493 0.5026442202543644 13.017866909712792 1.0 1.0 645.619 333.785 2.0 673.584 347.875 4 613.839 339.651
6.1036624956092895 -1.5351555838718307 13.46048065383529 1.0 1.0 648.0 252.764 2.0 673.764 260.562 4 599.061 243.625 5 589.454 219.343
7.369299840106622 -2.0686912294145308 16.002909640663006 1.0 1.0 651.725 244.712 2.0 680.727 252.921 3 667.519 247.426 4 627.984 245.701 5 623.789 224.597
6.175815837314832 1.5793465345671773 13.389088465709463 1.0 1.0 652.207 375.657 2.0 683.193 393.998 4 586.526 322.922 5 572.957 305.2
6.322307931373037 -1.3526407513216359 13.681646303261566 1.0 1.0 652.574 260.893 2.0 679.521 269.116 3 663.882 262.828 4 605.134 252.627
6.477768642655084 -0.5239974592033412 13.874045797291732 1.0 1.0 655.157 293.286 2.0 683.902 304.042 3 668.68 299.948 4 627.479 295.661 5 621.526 277.384
6.477768642655084 -0.5239974592033412 13.874045797291732 1.0 1.0 655.157 293.286 2.0 683.902 304.042 3 668.68 299.948 4 627.479 295.661 5 621.526 277.384
6.5610322200739075 0.2767994364846118 13.93684561112222 1.0 1.0 657.228 323.867 2.0 687.516 337.09 4 609.998 323.041 5 600.817 306.565
6.5610322200739075 0.2767994364846118 13.93684561112222 1.0 1.0 657.228 323.867 2.0 687.516 337.09 4 609.998 323.041 5 600.817 306.565
6.867156788362728 0.12464159345173888 14.238955102725603 1.0 1.0 663.343 317.957 2.0 694.498 330.687 3 680.798 328.628 4 637.371 322.143 5 632.774 307.221
2.3032167534381016 1.26852614699947 4.504875258752839 1.0 1.0 678.681 462.562 2.0 676.888 495.08
