5.083039999999999559e+00 1.169779999999999944e+02 4.907480000000000331e+01 1.667829999999999870e+02
8.593389999999999418e+00 4.284549999999999841e+02 8.029719999999999303e+00 4.520310000000000059e+02
1.350280000000000058e+01 4.316279999999999859e+02 5.093999999999999773e+02 4.127660000000000196e+02
1.350280000000000058e+01 4.316279999999999859e+02 8.029719999999999303e+00 4.520310000000000059e+02
1.796280000000000143e+01 2.464019999999999868e+02 3.032250000000000227e+02 1.847170000000000130e+02
2.802909999999999968e+01 4.933999999999999773e+02 3.487210000000000036e+02 2.838290000000000077e+02
4.607330000000000325e+01 4.308489999999999895e+02 7.465109999999999673e+02 4.526929999999999836e+02
4.708749999999999858e+01 5.264779999999999518e+02 5.593559999999999945e+02 2.610830000000000268e+02
4.975679999999999836e+01 5.402259999999999707e+01 1.096290000000000049e+02 5.386019999999999754e+02
5.588660000000000139e+01 4.970509999999999877e+02 5.409829999999999472e+02 2.288480000000000132e+02
5.656759999999999877e+01 5.385499999999999545e+02 6.448329999999999700e+02 5.727709999999999582e+02
5.960580000000000211e+01 1.609360000000000070e+02 7.951099999999999568e+01 1.944470000000000027e+02
7.042780000000000484e+01 1.928499999999999943e+02 9.069710000000000605e+01 2.252069999999999936e+02
7.135670000000000357e+01 5.939059999999999491e+02 5.781589999999999918e+02 5.898740000000000236e+02
7.447410000000000707e+01 1.897319999999999993e+02 9.488549999999999329e+01 2.217729999999999961e+02
8.440810000000000457e+01 2.151330000000000098e+02 9.092419999999999902e+01 2.429379999999999882e+02
8.535030000000000427e+01 1.927189999999999941e+02 1.057300000000000040e+02 2.241539999999999964e+02
8.697639999999999816e+01 1.877940000000000111e+02 1.055600000000000023e+02 2.191959999999999980e+02
8.725939999999999941e+01 4.911779999999999973e+02 5.409829999999999472e+02 2.288480000000000132e+02
8.817079999999999984e+01 4.366879999999999882e+02 5.845620000000000118e+02 4.190620000000000118e+02
8.828499999999999659e+01 5.928390000000000555e+02 5.781589999999999918e+02 5.898740000000000236e+02
1.002650000000000006e+02 4.917559999999999718e+02 5.409829999999999472e+02 2.288480000000000132e+02
1.077349999999999994e+02 2.127580000000000098e+02 1.203400000000000034e+02 2.413470000000000084e+02
1.087399999999999949e+02 2.226339999999999861e+02 1.211830000000000069e+02 2.516750000000000114e+02
1.122360000000000042e+02 5.918830000000000382e+02 5.781589999999999918e+02 5.898740000000000236e+02
1.122759999999999962e+02 2.375070000000000050e+02 1.251320000000000050e+02 2.659660000000000082e+02
1.134629999999999939e+02 5.220220000000000482e+02 3.480360000000000014e+02 4.806840000000000259e+02
1.157650000000000006e+02 2.477489999999999952e+02 1.300269999999999868e+02 2.596179999999999950e+02
1.167500000000000000e+02 2.313280000000000030e+02 1.300269999999999868e+02 2.596179999999999950e+02
1.175370000000000061e+02 5.040149999999999864e+02 7.465109999999999673e+02 4.526929999999999836e+02
1.302460000000000093e+02 4.397450000000000045e+02 1.091020000000000039e+02 5.531970000000000027e+02
1.314530000000000030e+02 3.326840000000000259e+02 6.715629999999999882e+02 4.984839999999999804e+02
1.319600000000000080e+02 4.140899999999999750e+02 5.461810000000000400e+02 2.401080000000000041e+02
1.328309999999999889e+02 3.440749999999999886e+02 1.328849999999999909e+02 3.758929999999999723e+02
1.332290000000000134e+02 3.484030000000000200e+02 1.328849999999999909e+02 3.758929999999999723e+02
1.345699999999999932e+02 3.516680000000000064e+02 1.350620000000000118e+02 3.784420000000000073e+02
1.441680000000000064e+02 4.311700000000000159e+02 7.870589999999999691e+02 4.669970000000000141e+02
1.577649999999999864e+02 2.828029999999999973e+02 2.441899999999999977e+02 2.568620000000000232e+02
1.615020000000000095e+02 2.835539999999999736e+02 2.709060000000000059e+02 2.071899999999999977e+02
1.651759999999999877e+02 2.742470000000000141e+02 5.583890000000000100e+02 2.351970000000000027e+02
1.683969999999999914e+02 3.590559999999999832e+02 3.591940000000000310e+01 2.280010000000000048e+02
1.710469999999999970e+02 3.951009999999999991e+02 7.486029999999999518e+02 4.451779999999999973e+02
1.830149999999999864e+02 3.827939999999999827e+02 5.656369999999999436e+02 3.649030000000000200e+02
1.956589999999999918e+02 5.204550000000000409e+02 5.520570000000000164e+02 3.604420000000000073e+02
2.401450000000000102e+02 4.169519999999999982e+02 1.172969999999999970e+02 4.456750000000000114e+02
2.565980000000000132e+02 3.624769999999999754e+02 2.536090000000000089e+02 3.751349999999999909e+02
2.745810000000000173e+02 1.954830000000000041e+02 4.499320000000000164e+02 2.082189999999999941e+02
2.786689999999999827e+02 2.346409999999999911e+02 2.917690000000000055e+02 2.764049999999999727e+02
2.871240000000000236e+02 4.273809999999999718e+02 2.312340000000000018e+01 5.667319999999999709e+02
3.025360000000000014e+02 3.210720000000000027e+02 2.442659999999999911e+02 3.383260000000000218e+02
3.029850000000000136e+02 2.493269999999999982e+02 2.507479999999999905e+02 2.610869999999999891e+02
3.053469999999999800e+02 5.330539999999999736e+02 6.069260000000000446e+02 5.863590000000000373e+02
3.056209999999999809e+02 1.866920000000000073e+02 2.554850000000000136e+02 1.936730000000000018e+02
3.062049999999999841e+02 2.804329999999999927e+02 2.501229999999999905e+02 2.927049999999999841e+02
3.175079999999999814e+02 4.197930000000000064e+02 1.155469999999999970e+02 5.130209999999999582e+02
3.176789999999999736e+02 2.656460000000000150e+02 2.598809999999999718e+02 2.747740000000000009e+02
3.176789999999999736e+02 2.656460000000000150e+02 2.598809999999999718e+02 2.747740000000000009e+02
3.185869999999999891e+02 1.570409999999999968e+02 3.376390000000000100e+02 1.463940000000000055e+02
3.332420000000000186e+02 4.236039999999999850e+02 2.558110000000000070e+02 4.540779999999999745e+02
3.449649999999999750e+02 1.945310000000000059e+02 5.825810000000000173e+02 2.176349999999999909e+02
3.450539999999999736e+02 2.110380000000000109e+02 2.947789999999999964e+02 5.122210000000000036e+02
3.561200000000000045e+02 3.821360000000000241e+02 2.796279999999999859e+02 4.049420000000000073e+02
3.579370000000000118e+02 2.537239999999999895e+02 2.896619999999999777e+02 2.584470000000000027e+02
3.658809999999999718e+02 2.783899999999999864e+02 2.946549999999999727e+02 2.852239999999999895e+02
3.664030000000000200e+02 2.647520000000000095e+02 3.499420000000000073e+02 2.251759999999999877e+02
3.690529999999999973e+02 2.337620000000000005e+02 3.000049999999999955e+02 2.349240000000000066e+02
3.705939999999999941e+02 1.678029999999999973e+02 1.576380000000000052e+02 2.954139999999999873e+02
3.733870000000000005e+02 1.427599999999999909e+02 3.376390000000000100e+02 1.463940000000000055e+02
3.750919999999999845e+02 4.383729999999999905e+02 2.945609999999999786e+02 4.784460000000000264e+02
3.796229999999999905e+02 4.389769999999999754e+02 2.945609999999999786e+02 4.784460000000000264e+02
3.817389999999999759e+02 2.181970000000000027e+02 3.178949999999999818e+02 2.181959999999999980e+02
3.817389999999999759e+02 2.181970000000000027e+02 3.178949999999999818e+02 2.181959999999999980e+02
3.824739999999999895e+02 2.285490000000000066e+02 3.185860000000000127e+02 2.295850000000000080e+02
3.825310000000000059e+02 3.728539999999999850e+02 3.101039999999999850e+02 3.941659999999999968e+02
3.845459999999999923e+02 1.878710000000000093e+02 3.231700000000000159e+02 1.855610000000000070e+02
3.845459999999999923e+02 1.878710000000000093e+02 3.231700000000000159e+02 1.855610000000000070e+02
3.850849999999999795e+02 2.162930000000000064e+02 3.227719999999999914e+02 2.161810000000000116e+02
3.891539999999999964e+02 2.882149999999999750e+02 3.256669999999999732e+02 2.961519999999999868e+02
3.898000000000000114e+02 4.321120000000000232e+02 3.089060000000000059e+02 4.682970000000000255e+02
3.909669999999999845e+02 3.925579999999999927e+02 3.532269999999999754e+02 4.447819999999999823e+02
3.948949999999999818e+02 1.821519999999999868e+02 3.319390000000000214e+02 1.844679999999999893e+02
3.962400000000000091e+02 4.323559999999999945e+02 3.190799999999999841e+02 4.693140000000000214e+02
3.989289999999999736e+02 1.360889999999999986e+02 3.376390000000000100e+02 1.463940000000000055e+02
3.992869999999999777e+02 5.366440000000000055e+02 1.091020000000000039e+02 5.531970000000000027e+02
4.010489999999999782e+02 1.329490000000000123e+02 3.640690000000000168e+02 1.338679999999999950e+02
4.047640000000000100e+02 2.239710000000000036e+02 5.598419999999999845e+02 2.746659999999999968e+02
4.047699999999999818e+02 1.658259999999999934e+02 3.676549999999999727e+02 1.684420000000000073e+02
4.050690000000000168e+02 2.506659999999999968e+02 3.491549999999999727e+02 2.542230000000000132e+02
4.053159999999999741e+02 2.615609999999999786e+02 3.476539999999999964e+02 2.738079999999999927e+02
4.065099999999999909e+02 1.871939999999999884e+02 3.522019999999999982e+02 1.840929999999999893e+02
4.065140000000000100e+02 1.939350000000000023e+02 3.523829999999999814e+02 1.923209999999999980e+02
4.085529999999999973e+02 2.611290000000000191e+02 5.661069999999999709e+02 3.167509999999999764e+02
4.101190000000000282e+02 2.002839999999999918e+02 7.946820000000000164e+02 5.919610000000000127e+02
4.135169999999999959e+02 4.424060000000000059e+02 2.945609999999999786e+02 4.784460000000000264e+02
4.139979999999999905e+02 4.335099999999999909e+02 2.962930000000000064e+02 1.931090000000000089e+02
4.186159999999999854e+02 4.374320000000000164e+02 3.835819999999999936e+02 4.754920000000000186e+02
4.190120000000000005e+02 1.568650000000000091e+02 3.817250000000000227e+02 1.569190000000000111e+02
4.239379999999999882e+02 4.380950000000000273e+02 3.019649999999999750e+02 4.726399999999999864e+02
4.241429999999999723e+02 1.929439999999999884e+02 6.093260000000000218e+02 1.591109999999999900e+02
4.249429999999999836e+02 2.850369999999999777e+02 1.155469999999999970e+02 5.130209999999999582e+02
4.255240000000000009e+02 1.290860000000000127e+02 3.376390000000000100e+02 1.463940000000000055e+02
4.256979999999999791e+02 2.346539999999999964e+02 3.770509999999999877e+02 2.672730000000000246e+02
4.259870000000000232e+02 2.309770000000000039e+02 3.768319999999999936e+02 2.621270000000000095e+02
4.264069999999999823e+02 2.069670000000000130e+02 3.786229999999999905e+02 2.068079999999999927e+02
4.265070000000000050e+02 1.746450000000000102e+02 3.884279999999999973e+02 1.756639999999999873e+02
4.278750000000000000e+02 1.975120000000000005e+02 3.803430000000000177e+02 1.963029999999999973e+02
4.283709999999999809e+02 4.345989999999999895e+02 3.089060000000000059e+02 4.682970000000000255e+02
4.322930000000000064e+02 4.314689999999999941e+02 3.146179999999999950e+02 4.641619999999999777e+02
4.322930000000000064e+02 4.314689999999999941e+02 3.146179999999999950e+02 4.641619999999999777e+02
4.358159999999999741e+02 4.350910000000000082e+02 3.190799999999999841e+02 4.693140000000000214e+02
4.508919999999999959e+02 4.457719999999999914e+02 2.355660000000000025e+02 2.548729999999999905e+02
4.559449999999999932e+02 1.505680000000000121e+02 4.689399999999999977e+02 1.280819999999999936e+02
4.625000000000000000e+02 4.439159999999999968e+02 3.322300000000000182e+02 4.808919999999999959e+02
4.638129999999999882e+02 2.607060000000000173e+02 2.663809999999999718e+02 4.066499999999999773e+02
4.660620000000000118e+02 4.402180000000000177e+02 3.362620000000000005e+02 4.757640000000000100e+02
4.703020000000000209e+02 4.072450000000000045e+02 7.465109999999999673e+02 4.526929999999999836e+02
4.742210000000000036e+02 4.468849999999999909e+02 2.226670000000000016e+02 4.656429999999999723e+02
4.829750000000000227e+02 2.324259999999999877e+02 4.440099999999999909e+02 2.839350000000000023e+02
4.833790000000000191e+02 2.640240000000000009e+02 4.667909999999999968e+02 2.418309999999999889e+02
4.934390000000000214e+02 5.247999999999999545e+02 7.383150000000000546e+02 3.579739999999999895e+02
4.989370000000000118e+02 4.399769999999999754e+02 3.835819999999999936e+02 4.754920000000000186e+02
5.012980000000000018e+02 5.273210000000000264e+02 3.456600000000000250e+02 5.368590000000000373e+02
5.031850000000000023e+02 4.664329999999999927e+02 5.824900000000000091e+02 2.123679999999999950e+02
5.055090000000000146e+02 2.540600000000000023e+02 5.824900000000000091e+02 2.123679999999999950e+02
5.063709999999999809e+02 4.395210000000000150e+02 3.835819999999999936e+02 4.754920000000000186e+02
5.124779999999999518e+02 1.660949999999999989e+02 4.744479999999999791e+02 1.577560000000000002e+02
5.129869999999999663e+02 1.333400000000000034e+02 4.748489999999999895e+02 1.230979999999999990e+02
5.135149999999999864e+02 1.083859999999999957e+02 4.761879999999999882e+02 9.465680000000000405e+01
5.135480000000000018e+02 1.035300000000000011e+02 4.758809999999999718e+02 8.985229999999999961e+01
5.160869999999999891e+02 1.059669999999999987e+02 4.788430000000000177e+02 9.254840000000000089e+01
5.185439999999999827e+02 1.097099999999999937e+02 4.788430000000000177e+02 9.254840000000000089e+01
5.188079999999999927e+02 1.678069999999999879e+02 4.852090000000000032e+02 3.326979999999999791e+02
5.188269999999999982e+02 1.106760000000000019e+02 4.788430000000000177e+02 9.254840000000000089e+01
5.193559999999999945e+02 1.382700000000000102e+02 4.822579999999999814e+02 1.269759999999999991e+02
5.194220000000000255e+02 2.003810000000000002e+02 4.829300000000000068e+02 1.949190000000000111e+02
5.200000000000000000e+02 2.404639999999999986e+02 4.833310000000000173e+02 2.391220000000000141e+02
5.205650000000000546e+02 2.603419999999999845e+02 4.848969999999999914e+02 2.624959999999999809e+02
5.229420000000000073e+02 1.386800000000000068e+02 4.900550000000000068e+02 2.641009999999999991e+02
5.231580000000000155e+02 2.634150000000000205e+02 4.873260000000000218e+02 2.653000000000000114e+02
5.231580000000000155e+02 2.634150000000000205e+02 4.873260000000000218e+02 2.653000000000000114e+02
5.240240000000000009e+02 3.050860000000000127e+02 4.881539999999999964e+02 3.129680000000000177e+02
5.255049999999999955e+02 1.746620000000000061e+02 4.906899999999999977e+02 1.667740000000000009e+02
5.264500000000000455e+02 4.554379999999999882e+02 3.463770000000000095e+02 4.998399999999999750e+02
5.266860000000000355e+02 2.769660000000000082e+02 4.440099999999999909e+02 2.839350000000000023e+02
5.355309999999999491e+02 4.414750000000000227e+02 2.664929999999999950e+02 4.675559999999999832e+02
5.366490000000000009e+02 1.703290000000000077e+02 5.147960000000000491e+02 2.385550000000000068e+02
5.375869999999999891e+02 4.775690000000000168e+02 3.284959999999999809e+02 5.339700000000000273e+02
5.391430000000000291e+02 1.785320000000000107e+02 5.114350000000000023e+02 1.716930000000000121e+02
5.395109999999999673e+02 4.420299999999999727e+02 1.193919999999999959e+02 5.676290000000000191e+02
5.410080000000000382e+02 2.485629999999999882e+02 5.138680000000000518e+02 2.493870000000000005e+02
5.415679999999999836e+02 2.736059999999999945e+02 5.149020000000000437e+02 2.771390000000000100e+02
5.434279999999999973e+02 2.519749999999999943e+02 5.168160000000000309e+02 2.529799999999999898e+02
5.434279999999999973e+02 2.519749999999999943e+02 5.168160000000000309e+02 2.529799999999999898e+02
5.451280000000000427e+02 4.768279999999999745e+02 3.421859999999999786e+02 5.328959999999999582e+02
5.458600000000000136e+02 1.549780000000000086e+02 5.210779999999999745e+02 1.934219999999999970e+02
5.465679999999999836e+02 4.404739999999999895e+02 3.480360000000000014e+02 4.806840000000000259e+02
5.472150000000000318e+02 1.986370000000000005e+02 5.210779999999999745e+02 1.934219999999999970e+02
5.488450000000000273e+02 2.540169999999999959e+02 5.233360000000000127e+02 2.552470000000000141e+02
5.501050000000000182e+02 3.694440000000000168e+02 5.249990000000000236e+02 3.895160000000000196e+02
5.506799999999999500e+02 5.637559999999999718e+02 3.740260000000000105e+02 4.108559999999999945e+02
5.511440000000000055e+02 3.310430000000000064e+02 5.265349999999999682e+02 3.435149999999999864e+02
5.515370000000000346e+02 1.626030000000000086e+02 5.260570000000000164e+02 1.530699999999999932e+02
5.518669999999999618e+02 1.552189999999999941e+02 5.263880000000000337e+02 1.457659999999999911e+02
5.523840000000000146e+02 3.719619999999999891e+02 5.285910000000000082e+02 3.922760000000000105e+02
5.531280000000000427e+02 1.876059999999999945e+02 5.280430000000000064e+02 1.804540000000000077e+02
5.531770000000000209e+02 1.784550000000000125e+02 5.282699999999999818e+02 1.703400000000000034e+02
5.550660000000000309e+02 2.675950000000000273e+02 5.309510000000000218e+02 2.703779999999999859e+02
5.555900000000000318e+02 2.880280000000000200e+02 5.280430000000000064e+02 1.804540000000000077e+02
5.556689999999999827e+02 2.761600000000000250e+02 5.315810000000000173e+02 2.793079999999999927e+02
5.565990000000000464e+02 2.952210000000000036e+02 5.333569999999999709e+02 3.017529999999999859e+02
5.568830000000000382e+02 2.953079999999999927e+02 5.333569999999999709e+02 3.017529999999999859e+02
5.570950000000000273e+02 3.357970000000000255e+02 5.346290000000000191e+02 3.546240000000000236e+02
5.588279999999999745e+02 4.739220000000000255e+02 3.661809999999999832e+02 5.293949999999999818e+02
5.631059999999999945e+02 1.719149999999999920e+02 5.409829999999999472e+02 2.288480000000000132e+02
5.643329999999999700e+02 1.562150000000000034e+02 5.386539999999999964e+02 1.445370000000000061e+02
5.643669999999999618e+02 1.626030000000000086e+02 5.387989999999999782e+02 1.520840000000000032e+02
5.652089999999999463e+02 1.881910000000000025e+02 5.398790000000000191e+02 1.800099999999999909e+02
5.654310000000000400e+02 4.560360000000000014e+02 3.824839999999999804e+02 5.023159999999999741e+02
5.657659999999999627e+02 2.058750000000000000e+02 5.404239999999999782e+02 1.995190000000000055e+02
5.658479999999999563e+02 2.216740000000000066e+02 5.409829999999999472e+02 2.288480000000000132e+02
5.659569999999999936e+02 1.949180000000000064e+02 5.405990000000000464e+02 1.874979999999999905e+02
5.674959999999999809e+02 2.363040000000000020e+02 5.428999999999999773e+02 2.336150000000000091e+02
5.677060000000000173e+02 2.457980000000000018e+02 5.432010000000000218e+02 2.446270000000000095e+02
5.679429999999999836e+02 2.428100000000000023e+02 5.434809999999999945e+02 2.410550000000000068e+02
5.690259999999999536e+02 2.762040000000000077e+02 5.447910000000000537e+02 2.792909999999999968e+02
5.690339999999999918e+02 2.693410000000000082e+02 5.449529999999999745e+02 2.712339999999999804e+02
5.693360000000000127e+02 2.913319999999999936e+02 5.458060000000000400e+02 2.965830000000000268e+02
5.699900000000000091e+02 3.272830000000000155e+02 5.469850000000000136e+02 3.381949999999999932e+02
5.701009999999999991e+02 3.086109999999999900e+02 5.470309999999999491e+02 3.165020000000000095e+02
5.704710000000000036e+02 3.204859999999999900e+02 5.473970000000000482e+02 3.303360000000000127e+02
5.706299999999999955e+02 1.547489999999999952e+02 5.466259999999999764e+02 1.453369999999999891e+02
5.709950000000000045e+02 3.593659999999999854e+02 5.487609999999999673e+02 3.761960000000000264e+02
5.714210000000000491e+02 3.594590000000000032e+02 5.487609999999999673e+02 3.761960000000000264e+02
5.720890000000000555e+02 2.848530000000000086e+02 5.426340000000000146e+02 1.614130000000000109e+02
5.723579999999999472e+02 3.686349999999999909e+02 5.501349999999999909e+02 3.876730000000000018e+02
5.726159999999999854e+02 3.865849999999999795e+02 5.506150000000000091e+02 4.091340000000000146e+02
5.743339999999999463e+02 3.393860000000000241e+02 5.520119999999999436e+02 3.526299999999999955e+02
5.745960000000000036e+02 3.111589999999999918e+02 5.528400000000000318e+02 3.198159999999999741e+02
5.750720000000000027e+02 3.720140000000000100e+02 5.537019999999999982e+02 3.918929999999999723e+02
5.755839999999999463e+02 1.614300000000000068e+02 5.540670000000000073e+02 1.508449999999999989e+02
5.758590000000000373e+02 2.083079999999999927e+02 5.602999999999999545e+02 3.127950000000000159e+02
5.767939999999999827e+02 2.179770000000000039e+02 5.602999999999999545e+02 3.127950000000000159e+02
5.777480000000000473e+02 3.707239999999999895e+02 5.573840000000000146e+02 3.898419999999999845e+02
5.783429999999999609e+02 1.677040000000000077e+02 5.575779999999999745e+02 1.575250000000000057e+02
5.783750000000000000e+02 2.429859999999999900e+02 5.609859999999999900e+02 2.932269999999999754e+02
5.791399999999999864e+02 2.884259999999999877e+02 5.602999999999999545e+02 3.127950000000000159e+02
5.811299999999999955e+02 3.804759999999999991e+02 5.634249999999999545e+02 4.023770000000000095e+02
5.818269999999999982e+02 3.833120000000000118e+02 5.636109999999999900e+02 4.055620000000000118e+02
5.828970000000000482e+02 3.498170000000000073e+02 5.638070000000000164e+02 3.363530000000000086e+02
5.851250000000000000e+02 1.497769999999999868e+02 5.671770000000000209e+02 1.414360000000000070e+02
5.894519999999999982e+02 1.741250000000000000e+02 5.735750000000000455e+02 1.657450000000000045e+02
5.916670000000000300e+02 2.211870000000000118e+02 5.769139999999999873e+02 2.170459999999999923e+02
5.925560000000000400e+02 5.427809999999999491e+02 6.510729999999999791e+02 5.721409999999999627e+02
5.930810000000000173e+02 1.577719999999999914e+02 5.776390000000000100e+02 1.469689999999999941e+02
5.937029999999999745e+02 1.703129999999999882e+02 5.789990000000000236e+02 1.603420000000000130e+02
5.944360000000000355e+02 2.759030000000000200e+02 5.814969999999999573e+02 2.787780000000000200e+02
5.958579999999999472e+02 3.063210000000000264e+02 5.838260000000000218e+02 3.141840000000000259e+02
5.962569999999999482e+02 3.916379999999999768e+02 5.846019999999999754e+02 4.157189999999999941e+02
5.971499999999999773e+02 3.984750000000000227e+02 5.863250000000000455e+02 4.243670000000000186e+02
5.982680000000000291e+02 5.497250000000000227e+02 2.574279999999999973e+02 5.369329999999999927e+02
6.087590000000000146e+02 3.736120000000000232e+02 6.032730000000000246e+02 3.943120000000000118e+02
6.104360000000000355e+02 3.959329999999999927e+02 6.073579999999999472e+02 4.208860000000000241e+02
6.133899999999999864e+02 3.934289999999999736e+02 6.107540000000000191e+02 4.181460000000000150e+02
6.157699999999999818e+02 2.322079999999999984e+02 6.107630000000000337e+02 2.304989999999999952e+02
6.164059999999999491e+02 3.961970000000000027e+02 6.152390000000000327e+02 4.220219999999999914e+02
6.172340000000000373e+02 3.929169999999999732e+02 6.159020000000000437e+02 4.173559999999999945e+02
6.183959999999999582e+02 1.986999999999999886e+02 6.378300000000000409e+02 2.034540000000000077e+02
6.184769999999999754e+02 2.168990000000000009e+02 6.148569999999999709e+02 2.133379999999999939e+02
6.185599999999999454e+02 1.944029999999999916e+02 6.586820000000000164e+02 2.101970000000000027e+02
6.219389999999999645e+02 3.368199999999999932e+02 6.220539999999999736e+02 3.503439999999999941e+02
6.222350000000000136e+02 2.333909999999999911e+02 6.203269999999999982e+02 2.302189999999999941e+02
6.227680000000000291e+02 3.931150000000000091e+02 6.240499999999999545e+02 4.170889999999999986e+02
6.227899999999999636e+02 3.929139999999999873e+02 6.240499999999999545e+02 4.170889999999999986e+02
6.230539999999999736e+02 2.411320000000000050e+02 6.222010000000000218e+02 2.406370000000000005e+02
6.241509999999999536e+02 2.936999999999999886e+02 6.250520000000000209e+02 3.017789999999999964e+02
6.243379999999999654e+02 3.183349999999999795e+02 6.251330000000000382e+02 3.291190000000000282e+02
6.245689999999999600e+02 2.262050000000000125e+02 3.835819999999999936e+02 4.754920000000000186e+02
6.260170000000000528e+02 1.905120000000000005e+02 6.248930000000000291e+02 1.837199999999999989e+02
6.263039999999999736e+02 2.875860000000000127e+02 6.508490000000000464e+02 3.002740000000000009e+02
6.277960000000000491e+02 2.165780000000000030e+02 6.279529999999999745e+02 2.129569999999999936e+02
6.279160000000000537e+02 2.921600000000000250e+02 6.528880000000000337e+02 3.053269999999999982e+02
6.297590000000000146e+02 2.385680000000000121e+02 6.310109999999999673e+02 2.371069999999999993e+02
6.297590000000000146e+02 2.385680000000000121e+02 6.310109999999999673e+02 2.371069999999999993e+02
6.309759999999999991e+02 3.501970000000000027e+02 6.357839999999999918e+02 3.670099999999999909e+02
6.311509999999999536e+02 3.635620000000000118e+02 6.392630000000000337e+02 3.869580000000000268e+02
6.318010000000000446e+02 2.763340000000000032e+02 6.353799999999999955e+02 2.809719999999999800e+02
6.321480000000000246e+02 2.146299999999999955e+02 6.338590000000000373e+02 2.114699999999999989e+02
6.321760000000000446e+02 3.929739999999999895e+02 6.389460000000000264e+02 4.177509999999999764e+02
6.324370000000000118e+02 3.770090000000000146e+02 6.381549999999999727e+02 3.983070000000000164e+02
6.337140000000000555e+02 3.128140000000000214e+02 6.605800000000000409e+02 3.249110000000000014e+02
6.345860000000000127e+02 3.276979999999999791e+02 6.400900000000000318e+02 3.400280000000000200e+02
6.349099999999999682e+02 2.041539999999999964e+02 6.586820000000000164e+02 2.101970000000000027e+02
6.356079999999999472e+02 3.388489999999999895e+02 6.418460000000000036e+02 3.525899999999999750e+02
6.359320000000000164e+02 3.731379999999999768e+02 6.251330000000000382e+02 3.291190000000000282e+02
6.362530000000000427e+02 3.681279999999999859e+02 6.507229999999999563e+02 3.290199999999999818e+02
6.373160000000000309e+02 2.300749999999999886e+02 6.418129999999999882e+02 2.289540000000000077e+02
6.383680000000000518e+02 2.645339999999999918e+02 6.605800000000000409e+02 3.249110000000000014e+02
6.397599999999999909e+02 2.440879999999999939e+02 6.451140000000000327e+02 2.433439999999999941e+02
6.399850000000000136e+02 2.289660000000000082e+02 6.456280000000000427e+02 2.269530000000000030e+02
6.421559999999999491e+02 2.511419999999999959e+02 6.493799999999999955e+02 2.520449999999999875e+02
6.428200000000000500e+02 3.464759999999999991e+02 6.744089999999999918e+02 3.663020000000000209e+02
6.438390000000000555e+02 2.980369999999999777e+02 6.528880000000000337e+02 3.053269999999999982e+02
6.446810000000000400e+02 3.252810000000000059e+02 6.545449999999999591e+02 3.372060000000000173e+02
6.446810000000000400e+02 3.252810000000000059e+02 6.759039999999999964e+02 3.422880000000000109e+02
6.447720000000000482e+02 3.844569999999999936e+02 6.559990000000000236e+02 4.072959999999999923e+02
6.450570000000000164e+02 2.471529999999999916e+02 6.527160000000000082e+02 2.473799999999999955e+02
6.475789999999999509e+02 2.285850000000000080e+02 6.559389999999999645e+02 2.267139999999999986e+02
6.484099999999999682e+02 3.045590000000000259e+02 6.592250000000000227e+02 3.133319999999999936e+02
6.516040000000000418e+02 2.545660000000000025e+02 6.618529999999999518e+02 2.559919999999999902e+02
6.517250000000000227e+02 2.447119999999999891e+02 6.675190000000000055e+02 2.474259999999999877e+02
6.522359999999999900e+02 3.708419999999999845e+02 6.507229999999999563e+02 3.290199999999999818e+02
6.532699999999999818e+02 2.670470000000000255e+02 6.651090000000000373e+02 2.705339999999999918e+02
6.550789999999999509e+02 2.138249999999999886e+02 6.654619999999999891e+02 2.107160000000000082e+02
6.551570000000000391e+02 2.932860000000000014e+02 6.686799999999999500e+02 2.999479999999999791e+02
6.551570000000000391e+02 2.932860000000000014e+02 6.686799999999999500e+02 2.999479999999999791e+02
6.551620000000000346e+02 7.866249999999999432e+01 7.082569999999999482e+02 9.765930000000000177e+01
6.563479999999999563e+02 2.267789999999999964e+02 6.679009999999999536e+02 2.254600000000000080e+02
6.585969999999999800e+02 5.380639999999999645e+02 7.580940000000000509e+02 5.523160000000000309e+02
6.591820000000000164e+02 2.546040000000000134e+02 6.724880000000000564e+02 2.558489999999999895e+02
6.595549999999999500e+02 2.606970000000000027e+02 6.739160000000000537e+02 2.643059999999999832e+02
6.626159999999999854e+02 3.043020000000000209e+02 6.796789999999999736e+02 3.137359999999999900e+02
6.629310000000000400e+02 3.224940000000000282e+02 6.679009999999999536e+02 2.254600000000000080e+02
6.633429999999999609e+02 3.179569999999999936e+02 6.807980000000000018e+02 3.286279999999999859e+02
6.643890000000000100e+02 3.298559999999999945e+02 6.702799999999999727e+02 2.405240000000000009e+02
6.644080000000000155e+02 3.142139999999999986e+02 5.597709999999999582e+02 2.669019999999999868e+02
6.692749999999999773e+02 4.664839999999999804e+02 5.521549999999999727e+02 5.183540000000000418e+02
6.698840000000000146e+02 3.325590000000000259e+02 5.432010000000000218e+02 2.446270000000000095e+02
6.746150000000000091e+02 3.899920000000000186e+02 2.942040000000000077e+02 2.349199999999999875e+02
7.120249999999999773e+02 5.314679999999999609e+02 2.923170000000000073e+02 5.762459999999999809e+02
7.190529999999999973e+02 5.704339999999999691e+02 2.884610000000000127e+02 5.546050000000000182e+02
7.312889999999999873e+02 5.131739999999999782e+02 5.533300000000000409e+02 1.353720000000000141e+02
7.452730000000000246e+02 3.418170000000000073e+02 7.235410000000000537e+02 3.443500000000000227e+02
7.535539999999999736e+02 3.424560000000000173e+02 7.532500000000000000e+02 3.753530000000000086e+02
7.659070000000000391e+02 3.745659999999999741e+02 4.472149999999999892e+01 2.782459999999999809e+02
7.683129999999999882e+02 4.382869999999999777e+02 5.261280000000000427e+02 1.646699999999999875e+02
7.726420000000000528e+02 3.569329999999999927e+02 7.163759999999999764e+02 3.427479999999999905e+02
7.763759999999999764e+02 3.489599999999999795e+02 7.946820000000000164e+02 5.919610000000000127e+02
7.781130000000000564e+02 5.949429999999999836e+02 7.780710000000000264e+02 5.949809999999999945e+02
7.857160000000000082e+02 4.553100000000000023e+02 7.851330000000000382e+02 4.997699999999999818e+02
7.918479999999999563e+02 3.052520000000000095e+02 7.918479999999999563e+02 3.052520000000000095e+02
7.920430000000000064e+02 4.767730000000000246e+02 7.939690000000000509e+02 5.280839999999999463e+02
7.928519999999999754e+02 2.542539999999999907e+02 7.918479999999999563e+02 3.052520000000000095e+02
7.929660000000000082e+02 5.070199999999999818e+02 7.939690000000000509e+02 5.280839999999999463e+02
7.938519999999999754e+02 2.183009999999999877e+02 7.928529999999999518e+02 2.542620000000000005e+02
7.939450000000000500e+02 5.281810000000000400e+02 7.939690000000000509e+02 5.280839999999999463e+02
7.947259999999999991e+02 5.920819999999999936e+02 7.946820000000000164e+02 5.919610000000000127e+02
7.947259999999999991e+02 5.920819999999999936e+02 7.946820000000000164e+02 5.919610000000000127e+02
7.948429999999999609e+02 1.902990000000000066e+02 7.928529999999999518e+02 2.542620000000000005e+02
