9.151809999999999334e+00 3.922980000000000018e+02 3.493750000000000000e+02 2.623260000000000218e+02
1.366859999999999964e+01 2.143029999999999973e+02 1.551559999999999917e+01 3.768679999999999950e+02
1.774840000000000018e+01 4.684440000000000168e+02 4.627939999999999827e+02 3.582149999999999750e+02
1.809990000000000165e+01 4.397250000000000227e+02 5.171209999999999809e+02 2.544840000000000089e+02
3.045129999999999981e+01 5.633669999999999618e+02 5.324850000000000136e+02 2.884750000000000227e+02
4.372449999999999903e+01 4.167320000000000277e+02 5.985249999999999773e+02 2.106839999999999975e+02
4.520969999999999800e+01 4.069669999999999845e+02 5.985249999999999773e+02 2.106839999999999975e+02
5.199369999999999692e+01 4.613460000000000036e+02 2.746070000000000277e+02 1.844159999999999968e+02
6.650499999999999545e+01 4.643550000000000182e+02 6.966480000000000246e+02 4.527119999999999891e+02
7.425469999999999970e+01 1.844219999999999970e+02 1.605880000000000152e+01 1.626430000000000007e+02
7.493959999999999866e+01 1.852050000000000125e+02 1.748529999999999873e+01 1.643689999999999998e+02
7.868070000000000164e+01 2.129120000000000061e+02 2.090149999999999864e+01 1.932059999999999889e+02
8.585760000000000502e+01 2.179770000000000039e+02 3.074080000000000013e+01 1.990109999999999957e+02
8.653740000000000521e+01 2.331129999999999995e+02 3.010950000000000060e+01 2.142189999999999941e+02
8.716700000000000159e+01 2.099550000000000125e+02 3.150900000000000034e+01 1.909099999999999966e+02
9.112669999999999959e+01 1.910300000000000011e+02 3.630250000000000199e+01 1.704079999999999870e+02
9.243890000000000384e+01 1.878110000000000070e+02 3.709629999999999939e+01 1.670920000000000130e+02
9.270199999999999818e+01 1.984809999999999945e+02 3.897379999999999711e+01 1.790099999999999909e+02
9.399150000000000205e+01 2.194890000000000043e+02 4.220470000000000255e+01 2.008509999999999991e+02
9.526359999999999673e+01 2.342270000000000039e+02 4.135070000000000334e+01 2.170459999999999923e+02
9.643170000000000641e+01 2.100639999999999930e+02 4.348669999999999902e+01 1.911310000000000002e+02
9.712720000000000198e+01 1.905589999999999975e+02 4.288949999999999818e+01 1.702800000000000011e+02
9.896550000000000580e+01 2.292340000000000089e+02 4.718990000000000151e+01 2.113969999999999914e+02
9.896550000000000580e+01 2.292340000000000089e+02 4.718990000000000151e+01 2.113969999999999914e+02
9.897610000000000241e+01 2.865059999999999718e+02 4.463719999999999999e+01 2.711370000000000005e+02
9.986159999999999570e+01 2.147659999999999911e+02 4.788750000000000284e+01 1.962019999999999982e+02
1.010250000000000057e+02 2.211589999999999918e+02 4.933599999999999852e+01 2.033360000000000127e+02
1.035210000000000008e+02 2.315260000000000105e+02 5.263870000000000005e+01 2.145099999999999909e+02
1.049560000000000031e+02 2.181049999999999898e+02 5.368529999999999802e+01 1.999749999999999943e+02
1.053490000000000038e+02 4.452350000000000136e+02 3.532080000000000268e+02 4.521680000000000064e+02
1.056959999999999980e+02 2.047460000000000093e+02 5.349380000000000024e+01 1.848209999999999980e+02
1.060139999999999958e+02 2.087150000000000034e+02 5.389800000000000324e+01 1.898619999999999948e+02
1.075759999999999934e+02 2.204010000000000105e+02 5.678600000000000136e+01 2.024130000000000109e+02
1.089659999999999940e+02 2.171539999999999964e+02 5.747910000000000252e+01 1.991020000000000039e+02
1.090190000000000055e+02 2.276169999999999902e+02 5.741610000000000014e+01 2.092640000000000100e+02
1.134380000000000024e+02 2.400039999999999907e+02 6.035589999999999833e+01 2.222019999999999982e+02
1.146020000000000039e+02 2.355550000000000068e+02 6.308789999999999765e+01 2.183009999999999877e+02
1.151069999999999993e+02 2.097330000000000041e+02 6.482089999999999463e+01 1.913909999999999911e+02
1.153589999999999947e+02 2.205939999999999941e+02 6.536660000000000537e+01 2.028420000000000130e+02
1.180030000000000001e+02 4.632780000000000200e+02 1.417920000000000016e+02 4.449019999999999868e+02
1.216509999999999962e+02 4.453260000000000218e+02 3.582429999999999950e+02 4.499010000000000105e+02
1.219120000000000061e+02 2.479710000000000036e+02 7.098009999999999309e+01 2.316910000000000025e+02
1.224479999999999933e+02 2.613690000000000282e+02 7.216330000000000666e+01 2.462419999999999902e+02
1.224479999999999933e+02 2.613690000000000282e+02 7.216330000000000666e+01 2.462419999999999902e+02
1.226620000000000061e+02 2.285300000000000011e+02 7.360370000000000346e+01 2.112170000000000130e+02
1.230639999999999930e+02 2.617730000000000246e+02 7.216330000000000666e+01 2.462419999999999902e+02
1.230639999999999930e+02 2.617730000000000246e+02 7.216330000000000666e+01 2.462419999999999902e+02
1.254969999999999999e+02 5.311680000000000064e+02 3.589350000000000023e+02 5.076630000000000109e+02
1.287510000000000048e+02 5.413819999999999482e+02 7.146480000000000246e+02 4.595740000000000123e+02
1.293300000000000125e+02 2.240620000000000118e+02 8.229449999999999932e+01 2.074430000000000121e+02
1.295209999999999866e+02 4.985529999999999973e+02 3.241999999999999886e+02 5.077019999999999982e+02
1.315250000000000057e+02 2.491409999999999911e+02 8.092109999999999559e+01 2.327259999999999991e+02
1.329840000000000089e+02 2.590240000000000009e+02 8.292189999999999372e+01 2.436169999999999902e+02
1.333110000000000070e+02 2.385279999999999916e+02 8.245950000000000557e+01 2.215130000000000052e+02
1.342940000000000111e+02 2.481879999999999882e+02 8.396269999999999811e+01 2.320960000000000036e+02
1.378499999999999943e+02 2.626870000000000118e+02 8.800020000000000664e+01 2.473019999999999925e+02
1.388460000000000036e+02 2.694909999999999854e+02 8.965860000000000696e+01 2.546939999999999884e+02
1.561690000000000111e+02 3.582189999999999941e+02 7.166979999999999791e+02 4.432239999999999895e+02
1.588909999999999911e+02 3.820210000000000150e+02 5.288559999999999661e+01 2.850720000000000027e+02
1.591610000000000014e+02 2.719719999999999800e+02 1.132909999999999968e+02 2.532669999999999959e+02
1.656059999999999945e+02 2.972959999999999923e+02 7.093949999999999818e+02 3.712679999999999723e+02
1.739219999999999970e+02 4.483629999999999995e+02 7.184839999999999804e+01 4.380600000000000023e+02
1.739219999999999970e+02 4.483629999999999995e+02 7.184839999999999804e+01 4.380600000000000023e+02
1.751090000000000089e+02 4.518500000000000227e+02 7.260020000000000095e+01 4.418439999999999941e+02
1.804509999999999934e+02 5.462530000000000427e+02 2.705169999999999959e+02 5.098999999999999773e+02
2.033180000000000121e+02 2.743220000000000027e+02 5.273659999999999854e+02 2.706929999999999836e+02
2.096419999999999959e+02 2.860860000000000127e+02 1.513369999999999891e+02 2.716050000000000182e+02
2.104780000000000086e+02 4.405000000000000000e+02 1.013730000000000047e+02 4.294929999999999950e+02
2.104780000000000086e+02 4.405000000000000000e+02 1.013730000000000047e+02 4.294929999999999950e+02
2.117059999999999889e+02 5.469950000000000045e+02 1.165060000000000002e+02 5.299560000000000173e+02
2.144979999999999905e+02 5.469650000000000318e+02 1.477849999999999966e+02 5.263790000000000191e+02
2.159550000000000125e+02 2.391930000000000121e+02 2.109530000000000030e+02 5.159610000000000127e+02
2.258909999999999911e+02 2.783750000000000000e+02 1.652090000000000032e+02 2.616569999999999823e+02
2.274290000000000020e+02 2.282810000000000059e+02 1.754699999999999989e+02 2.113779999999999859e+02
2.354950000000000045e+02 4.591569999999999823e+02 1.371289999999999907e+02 4.492490000000000236e+02
2.362880000000000109e+02 5.455670000000000073e+02 9.417050000000000409e+01 5.321140000000000327e+02
2.373389999999999986e+02 2.140749999999999886e+02 1.659600000000000080e+02 2.229290000000000020e+02
2.392810000000000059e+02 3.346220000000000141e+02 1.740980000000000132e+02 3.214119999999999777e+02
2.408590000000000089e+02 4.551209999999999809e+02 1.417920000000000016e+02 4.449019999999999868e+02
2.408950000000000102e+02 3.137509999999999764e+02 1.764029999999999916e+02 2.995779999999999745e+02
2.420060000000000002e+02 3.059499999999999886e+02 1.781129999999999995e+02 2.905450000000000159e+02
2.423590000000000089e+02 3.323809999999999718e+02 1.771349999999999909e+02 3.193519999999999754e+02
2.449159999999999968e+02 3.102869999999999777e+02 1.797059999999999889e+02 2.959309999999999832e+02
2.470840000000000032e+02 3.581569999999999823e+02 1.793040000000000020e+02 3.455740000000000123e+02
2.502079999999999984e+02 2.992590000000000146e+02 1.854439999999999884e+02 2.830450000000000159e+02
2.512059999999999889e+02 3.287359999999999900e+02 1.837810000000000059e+02 3.157679999999999723e+02
2.514149999999999920e+02 3.112350000000000136e+02 1.849509999999999934e+02 2.958290000000000077e+02
2.529960000000000093e+02 3.512060000000000173e+02 1.843689999999999998e+02 3.386229999999999905e+02
2.531620000000000061e+02 2.859730000000000132e+02 1.876779999999999973e+02 2.705500000000000114e+02
2.538520000000000039e+02 3.691070000000000277e+02 1.968739999999999952e+02 3.586370000000000005e+02
2.547150000000000034e+02 3.339820000000000277e+02 1.869480000000000075e+02 3.200190000000000055e+02
2.573399999999999750e+02 3.577429999999999950e+02 1.881649999999999920e+02 3.452200000000000273e+02
2.594850000000000136e+02 3.803399999999999750e+02 1.890589999999999975e+02 3.685570000000000164e+02
2.603820000000000050e+02 2.677760000000000105e+02 1.948820000000000050e+02 2.515740000000000123e+02
2.613059999999999832e+02 3.548480000000000132e+02 1.915860000000000127e+02 3.418330000000000268e+02
2.624100000000000250e+02 2.955160000000000196e+02 1.949830000000000041e+02 2.810819999999999936e+02
2.641120000000000232e+02 3.035590000000000259e+02 1.959159999999999968e+02 2.881949999999999932e+02
2.641120000000000232e+02 3.035590000000000259e+02 1.959159999999999968e+02 2.881949999999999932e+02
2.641979999999999791e+02 3.166779999999999973e+02 1.957439999999999998e+02 3.030849999999999795e+02
2.678260000000000218e+02 5.472380000000000564e+02 2.269180000000000064e+02 4.448899999999999864e+02
2.680310000000000059e+02 3.761619999999999777e+02 1.958909999999999911e+02 3.650779999999999745e+02
2.691390000000000100e+02 2.433919999999999959e+02 2.031539999999999964e+02 2.260519999999999925e+02
2.706739999999999782e+02 3.041739999999999782e+02 2.013009999999999877e+02 2.896650000000000205e+02
2.760980000000000132e+02 4.549900000000000091e+02 1.746620000000000061e+02 4.450699999999999932e+02
2.766800000000000068e+02 3.417099999999999795e+02 2.050740000000000123e+02 3.281139999999999759e+02
2.771120000000000232e+02 3.719220000000000255e+02 2.599580000000000268e+02 3.380919999999999845e+02
2.790880000000000223e+02 4.589460000000000264e+02 1.773760000000000048e+02 4.495679999999999836e+02
2.811539999999999964e+02 4.535389999999999873e+02 1.963180000000000121e+02 4.434649999999999750e+02
2.817339999999999804e+02 2.729610000000000127e+02 2.122199999999999989e+02 2.571650000000000205e+02
2.818759999999999764e+02 4.561129999999999995e+02 1.805869999999999891e+02 4.460529999999999973e+02
2.819399999999999977e+02 4.617599999999999909e+02 1.812849999999999966e+02 4.528489999999999895e+02
2.852420000000000186e+02 2.287940000000000111e+02 2.173040000000000020e+02 2.109410000000000025e+02
2.864739999999999895e+02 3.378100000000000023e+02 2.128420000000000130e+02 3.251920000000000073e+02
2.866039999999999850e+02 3.629970000000000141e+02 2.121399999999999864e+02 3.507250000000000227e+02
2.878149999999999977e+02 1.831879999999999882e+02 4.199340000000000259e+02 1.009429999999999978e+02
2.883050000000000068e+02 4.093650000000000091e+02 2.118329999999999984e+02 3.983009999999999877e+02
2.920869999999999891e+02 2.891619999999999777e+02 2.200900000000000034e+02 2.734279999999999973e+02
2.932019999999999982e+02 3.175769999999999982e+02 2.198979999999999961e+02 3.038489999999999895e+02
2.932189999999999941e+02 2.239819999999999993e+02 2.240109999999999957e+02 2.056980000000000075e+02
2.948460000000000036e+02 3.117040000000000077e+02 2.214730000000000132e+02 2.976920000000000073e+02
2.952389999999999759e+02 2.985889999999999986e+02 2.222110000000000127e+02 2.837590000000000146e+02
2.959669999999999845e+02 1.770449999999999875e+02 2.359670000000000130e+02 1.589550000000000125e+02
2.961659999999999968e+02 3.460579999999999927e+02 2.211009999999999991e+02 3.322069999999999936e+02
2.965409999999999968e+02 3.388079999999999927e+02 2.214279999999999973e+02 3.252769999999999868e+02
2.965409999999999968e+02 3.388079999999999927e+02 2.214279999999999973e+02 3.252769999999999868e+02
2.969230000000000018e+02 4.058809999999999718e+02 2.191819999999999879e+02 3.947810000000000059e+02
2.979639999999999986e+02 4.482149999999999750e+02 2.331599999999999966e+02 4.400579999999999927e+02
2.989739999999999895e+02 1.802909999999999968e+02 3.513159999999999741e+02 1.245409999999999968e+02
3.002830000000000155e+02 2.878199999999999932e+02 2.269530000000000030e+02 2.723389999999999986e+02
3.002830000000000155e+02 2.878199999999999932e+02 2.269530000000000030e+02 2.723389999999999986e+02
3.006979999999999791e+02 2.288360000000000127e+02 2.307359999999999900e+02 2.103720000000000141e+02
3.009460000000000264e+02 2.963790000000000191e+02 2.269459999999999980e+02 2.812649999999999864e+02
3.023240000000000123e+02 2.740409999999999968e+02 2.295980000000000132e+02 2.578570000000000277e+02
3.023899999999999864e+02 4.631070000000000277e+02 1.948110000000000070e+02 4.534769999999999754e+02
3.023899999999999864e+02 4.631070000000000277e+02 1.948110000000000070e+02 4.534769999999999754e+02
3.024800000000000182e+02 2.175980000000000132e+02 2.321430000000000007e+02 1.987410000000000139e+02
3.026929999999999836e+02 4.133469999999999800e+02 2.259730000000000132e+02 4.028629999999999995e+02
3.040169999999999959e+02 4.435729999999999791e+02 2.161819999999999879e+02 4.339329999999999927e+02
3.040600000000000023e+02 2.115900000000000034e+02 2.337930000000000064e+02 1.926630000000000109e+02
3.051879999999999882e+02 4.613439999999999941e+02 1.979130000000000109e+02 4.516700000000000159e+02
3.063279999999999745e+02 3.722679999999999723e+02 2.279219999999999970e+02 3.602339999999999804e+02
3.063299999999999841e+02 3.181460000000000150e+02 2.305020000000000095e+02 3.027869999999999777e+02
3.076030000000000086e+02 2.160929999999999893e+02 2.365120000000000005e+02 1.972390000000000043e+02
3.099110000000000014e+02 3.341429999999999723e+02 2.325339999999999918e+02 3.206429999999999723e+02
3.099820000000000277e+02 3.744130000000000109e+02 2.311349999999999909e+02 3.623039999999999736e+02
3.131050000000000182e+02 3.825360000000000014e+02 2.329689999999999941e+02 3.706600000000000250e+02
3.132040000000000077e+02 3.304660000000000082e+02 2.356339999999999861e+02 3.169990000000000236e+02
3.137370000000000232e+02 3.204230000000000018e+02 2.366270000000000095e+02 3.064100000000000250e+02
3.165950000000000273e+02 2.781929999999999836e+02 2.411889999999999930e+02 2.619309999999999832e+02
3.168799999999999955e+02 1.952239999999999895e+02 2.448679999999999950e+02 1.757249999999999943e+02
3.174230000000000018e+02 3.409950000000000045e+02 2.391949999999999932e+02 3.270450000000000159e+02
3.201750000000000114e+02 2.782699999999999818e+02 2.438460000000000036e+02 2.619879999999999995e+02
3.203410000000000082e+02 2.163950000000000102e+02 2.477270000000000039e+02 1.974610000000000127e+02
3.204540000000000077e+02 3.270409999999999968e+02 2.417549999999999955e+02 3.136840000000000259e+02
3.217400000000000091e+02 4.501229999999999905e+02 2.331599999999999966e+02 4.400579999999999927e+02
3.224859999999999900e+02 2.843009999999999877e+02 2.453040000000000020e+02 2.693639999999999759e+02
3.250430000000000064e+02 5.385090000000000146e+02 7.350730000000000075e+01 5.385339999999999918e+02
3.250849999999999795e+02 3.445760000000000218e+02 2.453569999999999993e+02 3.308949999999999818e+02
3.254270000000000209e+02 4.534300000000000068e+02 2.359890000000000043e+02 4.446360000000000241e+02
3.258360000000000127e+02 4.481290000000000191e+02 2.369840000000000089e+02 4.380810000000000173e+02
3.258360000000000127e+02 4.481290000000000191e+02 2.369840000000000089e+02 4.380810000000000173e+02
3.260480000000000018e+02 2.171599999999999966e+02 2.531270000000000095e+02 1.979499999999999886e+02
3.263589999999999804e+02 1.715850000000000080e+02 2.198149999999999977e+02 1.681910000000000025e+02
3.273140000000000214e+02 3.271000000000000227e+02 2.481659999999999968e+02 3.141630000000000109e+02
3.280260000000000105e+02 3.124870000000000232e+02 2.497520000000000095e+02 2.972069999999999936e+02
3.283639999999999759e+02 4.039889999999999759e+02 2.447969999999999970e+02 3.928650000000000091e+02
3.309069999999999823e+02 3.475350000000000250e+02 2.498770000000000095e+02 3.346019999999999754e+02
3.323469999999999800e+02 3.301669999999999732e+02 2.513669999999999902e+02 3.165149999999999864e+02
3.342610000000000241e+02 3.226070000000000277e+02 2.534439999999999884e+02 3.091669999999999732e+02
3.344920000000000186e+02 2.494490000000000123e+02 2.574979999999999905e+02 2.316829999999999927e+02
3.348879999999999768e+02 2.599529999999999745e+02 2.567869999999999777e+02 2.431810000000000116e+02
3.375369999999999777e+02 2.905040000000000191e+02 9.049440000000000595e+00 3.331510000000000105e+02
3.376580000000000155e+02 3.301349999999999909e+02 2.566250000000000000e+02 3.159619999999999891e+02
3.380079999999999814e+02 2.627900000000000205e+02 2.597880000000000109e+02 2.453779999999999859e+02
3.381510000000000105e+02 3.076669999999999732e+02 2.579979999999999905e+02 2.934060000000000059e+02
3.385779999999999745e+02 1.643919999999999959e+02 2.500269999999999868e+02 1.553040000000000020e+02
3.391569999999999823e+02 2.781580000000000155e+02 2.599979999999999905e+02 2.629390000000000214e+02
3.401759999999999877e+02 2.561510000000000105e+02 2.622970000000000255e+02 2.390970000000000084e+02
3.402590000000000146e+02 3.617420000000000186e+02 2.571589999999999918e+02 3.522860000000000014e+02
3.402590000000000146e+02 3.617420000000000186e+02 2.571589999999999918e+02 3.522860000000000014e+02
3.413070000000000164e+02 3.669150000000000205e+02 2.583840000000000146e+02 3.550609999999999786e+02
3.416109999999999900e+02 3.346619999999999777e+02 2.597239999999999895e+02 3.209370000000000118e+02
3.429809999999999945e+02 2.024439999999999884e+02 2.674750000000000227e+02 1.825120000000000005e+02
3.429809999999999945e+02 2.024439999999999884e+02 2.674750000000000227e+02 1.825120000000000005e+02
3.438260000000000218e+02 3.110889999999999986e+02 2.622230000000000132e+02 2.967330000000000041e+02
3.457880000000000109e+02 3.582590000000000146e+02 2.628439999999999941e+02 3.465520000000000209e+02
3.460280000000000200e+02 1.624219999999999970e+02 2.269180000000000064e+02 4.448899999999999864e+02
3.484750000000000227e+02 3.290339999999999918e+02 2.657479999999999905e+02 3.155699999999999932e+02
3.486370000000000005e+02 2.767789999999999964e+02 2.679800000000000182e+02 2.620260000000000105e+02
3.497930000000000064e+02 2.037719999999999914e+02 2.746070000000000277e+02 1.844159999999999968e+02
3.502889999999999873e+02 2.043429999999999893e+02 2.746070000000000277e+02 1.844159999999999968e+02
3.510000000000000000e+02 3.037669999999999959e+02 2.686379999999999768e+02 2.890360000000000014e+02
3.510299999999999727e+02 2.054790000000000134e+02 2.746070000000000277e+02 1.844159999999999968e+02
3.523000000000000114e+02 4.646630000000000109e+02 2.589950000000000045e+02 4.571970000000000027e+02
3.529610000000000127e+02 4.085749999999999886e+02 2.665950000000000273e+02 3.980919999999999845e+02
3.534590000000000032e+02 2.070310000000000059e+02 5.253529999999999518e+02 2.586039999999999850e+02
3.550570000000000164e+02 2.912830000000000155e+02 2.732200000000000273e+02 2.758809999999999718e+02
3.551519999999999868e+02 3.176460000000000150e+02 2.720319999999999823e+02 3.035710000000000264e+02
3.552490000000000236e+02 3.003439999999999941e+02 2.729889999999999759e+02 2.853020000000000209e+02
3.563690000000000282e+02 4.685849999999999795e+02 2.977869999999999777e+02 4.686949999999999932e+02
3.575840000000000032e+02 3.206700000000000159e+02 2.751490000000000009e+02 3.066990000000000123e+02
3.575840000000000032e+02 3.206700000000000159e+02 2.751490000000000009e+02 3.066990000000000123e+02
3.589510000000000218e+02 2.447570000000000050e+02 2.788340000000000032e+02 2.264209999999999923e+02
3.595140000000000100e+02 4.718419999999999845e+02 2.137669999999999959e+02 4.572769999999999868e+02
3.600509999999999877e+02 3.744610000000000127e+02 2.759920000000000186e+02 3.627309999999999945e+02
3.641770000000000209e+02 5.831050000000000182e+02 5.253529999999999518e+02 2.586039999999999850e+02
3.687789999999999964e+02 5.809199999999999591e+02 5.155700000000000500e+02 2.427090000000000032e+02
3.697769999999999868e+02 1.747820000000000107e+02 2.940690000000000168e+02 1.546479999999999961e+02
3.715299999999999727e+02 5.337500000000000000e+02 1.463770000000000095e+02 5.299360000000000355e+02
3.725860000000000127e+02 3.924660000000000082e+02 2.884580000000000268e+02 3.814289999999999736e+02
3.725860000000000127e+02 3.924660000000000082e+02 2.884580000000000268e+02 3.814289999999999736e+02
3.725860000000000127e+02 3.924660000000000082e+02 2.884580000000000268e+02 3.814289999999999736e+02
3.735400000000000205e+02 2.960840000000000032e+02 2.943170000000000073e+02 2.814800000000000182e+02
3.781050000000000182e+02 2.471649999999999920e+02 3.010099999999999909e+02 2.305020000000000095e+02
3.781050000000000182e+02 2.471649999999999920e+02 3.010099999999999909e+02 2.305020000000000095e+02
3.843570000000000277e+02 2.632389999999999759e+02 3.080919999999999845e+02 2.476310000000000002e+02
3.849759999999999991e+02 2.170130000000000052e+02 3.101789999999999736e+02 1.991920000000000073e+02
3.859599999999999795e+02 1.908460000000000036e+02 3.109639999999999986e+02 1.757309999999999945e+02
3.877760000000000105e+02 2.961089999999999804e+02 3.105299999999999727e+02 2.820550000000000068e+02
3.882850000000000250e+02 5.321480000000000246e+02 1.463770000000000095e+02 5.299360000000000355e+02
3.886519999999999868e+02 2.530980000000000132e+02 3.131800000000000068e+02 2.370989999999999895e+02
3.921449999999999818e+02 2.986700000000000159e+02 3.153179999999999836e+02 2.849329999999999927e+02
3.935009999999999764e+02 4.673539999999999850e+02 2.996000000000000227e+02 4.605450000000000159e+02
3.935659999999999741e+02 4.728559999999999945e+02 2.625289999999999964e+02 4.621000000000000227e+02
3.957869999999999777e+02 2.499250000000000114e+02 3.214830000000000041e+02 2.340200000000000102e+02
3.957869999999999777e+02 2.499250000000000114e+02 3.214830000000000041e+02 2.340200000000000102e+02
3.967409999999999854e+02 4.599440000000000168e+02 3.035439999999999827e+02 4.527160000000000082e+02
3.993380000000000223e+02 2.508799999999999955e+02 3.258759999999999764e+02 2.348669999999999902e+02
4.012069999999999936e+02 4.600769999999999982e+02 3.092409999999999854e+02 4.528960000000000150e+02
4.014089999999999918e+02 1.953269999999999982e+02 3.297289999999999850e+02 1.769720000000000084e+02
4.014519999999999982e+02 2.483849999999999909e+02 3.284189999999999827e+02 2.328050000000000068e+02
4.016089999999999804e+02 1.746289999999999907e+02 3.228849999999999909e+02 1.526419999999999959e+02
4.017780000000000200e+02 2.030860000000000127e+02 3.297440000000000282e+02 1.852630000000000052e+02
4.040699999999999932e+02 2.420440000000000111e+02 3.319340000000000259e+02 2.269310000000000116e+02
4.048190000000000168e+02 4.649119999999999777e+02 3.124089999999999918e+02 4.584750000000000227e+02
4.066899999999999977e+02 1.811949999999999932e+02 3.363249999999999886e+02 1.640869999999999891e+02
4.075849999999999795e+02 1.799250000000000114e+02 3.450649999999999977e+02 1.645229999999999961e+02
4.087459999999999809e+02 1.438870000000000005e+02 4.199340000000000259e+02 1.009429999999999978e+02
4.094350000000000023e+02 1.770709999999999980e+02 3.460710000000000264e+02 1.606550000000000011e+02
4.099809999999999945e+02 1.778689999999999998e+02 3.471100000000000136e+02 1.621999999999999886e+02
4.107169999999999845e+02 1.405089999999999861e+02 3.490509999999999877e+02 1.219860000000000042e+02
4.132090000000000032e+02 4.298639999999999759e+02 3.229030000000000200e+02 4.243919999999999959e+02
4.193890000000000100e+02 2.147400000000000091e+02 3.498369999999999891e+02 1.980989999999999895e+02
4.199150000000000205e+02 1.669710000000000036e+02 4.017880000000000109e+02 1.363189999999999884e+02
4.204429999999999836e+02 2.703159999999999741e+02 3.495319999999999823e+02 2.563220000000000027e+02
4.208899999999999864e+02 1.885370000000000061e+02 3.532950000000000159e+02 1.711610000000000014e+02
4.211750000000000114e+02 2.471169999999999902e+02 3.508870000000000005e+02 2.320869999999999891e+02
4.226730000000000018e+02 1.871510000000000105e+02 3.539660000000000082e+02 1.707609999999999957e+02
4.236890000000000214e+02 2.455010000000000048e+02 3.537040000000000077e+02 2.304569999999999936e+02
4.242429999999999950e+02 2.165509999999999877e+02 3.552930000000000064e+02 2.001109999999999900e+02
4.257160000000000082e+02 1.678449999999999989e+02 3.803849999999999909e+02 1.453420000000000130e+02
4.271299999999999955e+02 5.194470000000000027e+02 5.253529999999999518e+02 2.586039999999999850e+02
4.278770000000000095e+02 1.848810000000000002e+02 3.645210000000000150e+02 1.691649999999999920e+02
4.308220000000000027e+02 1.370589999999999975e+02 3.513159999999999741e+02 1.245409999999999968e+02
4.331709999999999923e+02 1.688590000000000089e+02 4.273720000000000141e+02 1.355310000000000059e+02
4.345840000000000032e+02 4.811800000000000068e+02 2.919510000000000218e+02 4.716279999999999859e+02
4.366120000000000232e+02 4.712880000000000109e+02 2.630609999999999786e+02 4.558450000000000273e+02
4.419289999999999736e+02 1.801539999999999964e+02 3.750049999999999955e+02 1.633899999999999864e+02
4.426720000000000255e+02 2.161599999999999966e+02 3.758419999999999845e+02 2.008609999999999900e+02
4.434030000000000200e+02 4.627869999999999777e+02 2.674689999999999941e+02 4.489379999999999882e+02
4.434030000000000200e+02 4.627869999999999777e+02 2.674689999999999941e+02 4.489379999999999882e+02
4.595950000000000273e+02 2.053810000000000002e+02 3.965559999999999832e+02 1.893509999999999991e+02
4.622490000000000236e+02 1.619139999999999873e+02 4.286390000000000100e+02 1.357050000000000125e+02
4.651840000000000259e+02 1.532549999999999955e+02 3.755199999999999818e+02 1.439540000000000077e+02
4.729619999999999891e+02 1.858499999999999943e+02 4.400720000000000027e+02 1.616430000000000007e+02
4.744680000000000177e+02 1.824629999999999939e+02 4.419250000000000114e+02 1.585960000000000036e+02
4.751299999999999955e+02 2.810389999999999873e+02 4.179680000000000177e+02 2.662699999999999818e+02
4.861789999999999736e+02 2.792400000000000091e+02 4.179680000000000177e+02 2.662699999999999818e+02
4.891000000000000227e+02 4.734680000000000177e+02 3.674030000000000200e+02 4.649879999999999995e+02
4.930810000000000173e+02 4.850649999999999977e+02 3.527730000000000246e+02 4.780980000000000132e+02
4.936809999999999832e+02 4.585210000000000150e+02 3.582429999999999950e+02 4.499010000000000105e+02
5.021059999999999945e+02 4.850889999999999986e+02 3.527730000000000246e+02 4.780980000000000132e+02
5.030690000000000168e+02 1.792630000000000052e+02 4.373029999999999973e+02 1.638739999999999952e+02
5.068450000000000273e+02 1.303060000000000116e+02 4.410620000000000118e+02 1.144110000000000014e+02
5.084820000000000277e+02 1.111520000000000010e+02 4.451139999999999759e+02 9.309569999999999368e+01
5.093990000000000009e+02 2.710559999999999832e+02 4.224719999999999800e+02 2.654359999999999786e+02
5.141309999999999718e+02 1.464190000000000111e+02 4.497259999999999991e+02 1.294000000000000057e+02
5.151810000000000400e+02 1.700300000000000011e+02 4.492490000000000236e+02 1.547909999999999968e+02
5.151939999999999600e+02 1.369689999999999941e+02 4.504569999999999936e+02 1.198649999999999949e+02
5.179310000000000400e+02 1.088859999999999957e+02 4.548220000000000027e+02 9.067040000000000077e+01
5.189510000000000218e+02 1.405999999999999943e+02 4.545459999999999923e+02 1.239579999999999984e+02
5.201889999999999645e+02 1.750970000000000084e+02 4.543469999999999800e+02 1.589879999999999995e+02
5.203029999999999973e+02 1.129950000000000045e+02 4.575160000000000196e+02 9.520510000000000161e+01
5.209189999999999827e+02 1.460399999999999920e+02 4.566619999999999777e+02 1.293770000000000095e+02
5.212019999999999982e+02 1.391270000000000095e+02 4.566850000000000023e+02 1.919749999999999943e+02
5.214170000000000300e+02 5.095020000000000095e+02 3.560319999999999823e+02 5.038919999999999959e+02
5.220800000000000409e+02 1.725070000000000050e+02 4.566829999999999927e+02 1.563480000000000132e+02
5.225109999999999673e+02 1.115310000000000059e+02 4.598279999999999745e+02 9.350830000000000553e+01
5.235240000000000009e+02 1.427369999999999948e+02 4.597099999999999795e+02 1.261020000000000039e+02
5.243880000000000337e+02 2.483120000000000118e+02 4.564270000000000209e+02 2.568129999999999882e+02
5.253490000000000464e+02 2.754270000000000209e+02 4.561100000000000136e+02 2.635980000000000132e+02
5.253780000000000427e+02 2.693910000000000196e+02 4.564270000000000209e+02 2.568129999999999882e+02
5.275370000000000346e+02 2.521040000000000134e+02 4.594900000000000091e+02 2.393209999999999980e+02
5.277899999999999636e+02 1.945080000000000098e+02 4.619950000000000045e+02 1.792930000000000064e+02
5.292050000000000409e+02 1.790759999999999934e+02 4.641259999999999764e+02 1.634739999999999895e+02
5.300389999999999873e+02 3.174870000000000232e+02 4.593050000000000068e+02 3.062200000000000273e+02
5.304880000000000564e+02 2.558000000000000114e+02 4.621469999999999914e+02 2.428259999999999934e+02
5.307490000000000236e+02 2.506839999999999975e+02 4.626410000000000196e+02 2.379050000000000011e+02
5.314070000000000391e+02 2.712440000000000282e+02 4.619789999999999850e+02 2.594230000000000018e+02
5.331269999999999527e+02 3.156829999999999927e+02 4.723860000000000241e+02 3.114820000000000277e+02
5.331589999999999918e+02 5.011410000000000196e+02 3.730860000000000127e+02 4.950980000000000132e+02
5.347119999999999891e+02 2.475610000000000070e+02 4.673369999999999891e+02 2.350869999999999891e+02
5.354080000000000155e+02 1.190400000000000063e+02 4.874820000000000277e+02 1.096550000000000011e+02
5.384049999999999727e+02 2.534890000000000043e+02 3.319340000000000259e+02 2.269310000000000116e+02
5.395460000000000491e+02 1.209599999999999937e+02 4.781720000000000255e+02 1.037980000000000018e+02
5.406409999999999627e+02 4.645430000000000064e+02 2.911870000000000118e+02 4.555930000000000177e+02
5.416219999999999573e+02 1.393969999999999914e+02 4.804340000000000259e+02 1.242360000000000042e+02
5.437190000000000509e+02 4.671370000000000005e+02 3.305230000000000246e+02 4.622250000000000227e+02
5.448039999999999736e+02 1.893669999999999902e+02 4.831650000000000205e+02 1.750840000000000032e+02
5.457150000000000318e+02 1.830029999999999859e+02 4.842789999999999964e+02 1.694979999999999905e+02
5.471349999999999909e+02 1.560020000000000095e+02 4.863509999999999991e+02 1.410020000000000095e+02
5.474460000000000264e+02 1.261800000000000068e+02 4.874820000000000277e+02 1.096550000000000011e+02
5.478600000000000136e+02 2.636610000000000014e+02 3.209060000000000059e+02 4.661539999999999964e+02
5.484650000000000318e+02 4.561070000000000277e+02 1.721059999999999945e+02 3.595230000000000246e+02
5.493550000000000182e+02 2.568700000000000045e+02 4.848310000000000173e+02 2.455060000000000002e+02
5.502999999999999545e+02 2.020800000000000125e+02 4.874460000000000264e+02 1.885070000000000050e+02
5.519779999999999518e+02 1.871330000000000098e+02 4.899680000000000177e+02 1.727729999999999961e+02
5.522369999999999663e+02 1.993029999999999973e+02 4.894850000000000136e+02 1.860769999999999982e+02
5.523369999999999891e+02 2.607040000000000077e+02 4.873849999999999909e+02 2.489329999999999927e+02
5.523369999999999891e+02 2.607040000000000077e+02 4.873849999999999909e+02 2.489329999999999927e+02
5.531620000000000346e+02 1.298050000000000068e+02 4.937479999999999905e+02 1.139579999999999984e+02
5.546059999999999945e+02 3.163120000000000118e+02 4.879719999999999800e+02 3.073949999999999818e+02
5.546520000000000437e+02 1.899399999999999977e+02 4.926039999999999850e+02 1.761910000000000025e+02
5.554700000000000273e+02 2.043149999999999977e+02 4.929940000000000282e+02 1.910109999999999957e+02
5.556689999999999827e+02 2.589940000000000282e+02 4.907930000000000064e+02 2.473329999999999984e+02
5.559610000000000127e+02 3.234859999999999900e+02 4.882599999999999909e+02 3.129329999999999927e+02
5.565549999999999500e+02 3.446650000000000205e+02 4.880070000000000050e+02 3.345179999999999723e+02
5.573390000000000555e+02 2.945910000000000082e+02 4.909959999999999809e+02 2.834750000000000227e+02
5.578899999999999864e+02 1.320900000000000034e+02 4.985830000000000268e+02 1.159869999999999948e+02
5.583769999999999527e+02 2.627719999999999914e+02 4.934479999999999791e+02 2.510639999999999930e+02
5.591720000000000255e+02 1.469720000000000084e+02 4.990790000000000077e+02 1.315480000000000018e+02
5.592709999999999582e+02 3.896460000000000150e+02 4.890099999999999909e+02 3.802130000000000223e+02
5.592709999999999582e+02 3.896460000000000150e+02 4.890099999999999909e+02 3.802130000000000223e+02
5.597259999999999991e+02 1.584050000000000011e+02 4.991899999999999977e+02 1.444290000000000020e+02
5.600000000000000000e+02 2.975740000000000123e+02 4.926039999999999850e+02 1.761910000000000025e+02
5.613460000000000036e+02 2.612540000000000191e+02 4.969440000000000168e+02 2.498160000000000025e+02
5.614750000000000227e+02 3.247400000000000091e+02 4.940960000000000036e+02 3.143770000000000095e+02
5.614750000000000227e+02 3.247400000000000091e+02 4.950609999999999786e+02 3.811560000000000059e+02
5.616779999999999973e+02 1.925490000000000066e+02 4.999990000000000236e+02 1.787849999999999966e+02
5.618769999999999527e+02 1.926320000000000050e+02 4.999990000000000236e+02 1.787849999999999966e+02
5.623840000000000146e+02 2.804739999999999895e+02 4.971329999999999814e+02 2.694350000000000023e+02
5.624389999999999645e+02 3.453969999999999914e+02 4.944100000000000250e+02 3.354069999999999823e+02
5.624389999999999645e+02 3.453969999999999914e+02 4.944100000000000250e+02 3.354069999999999823e+02
5.626240000000000236e+02 2.852300000000000182e+02 4.976709999999999923e+02 3.169110000000000014e+02
5.629840000000000373e+02 2.369079999999999870e+02 4.991999999999999886e+02 2.244010000000000105e+02
5.631609999999999445e+02 2.070939999999999941e+02 5.010430000000000064e+02 1.936320000000000050e+02
5.643600000000000136e+02 2.716709999999999923e+02 4.994610000000000127e+02 2.603369999999999891e+02
5.646430000000000291e+02 2.477880000000000109e+02 5.005559999999999832e+02 2.357909999999999968e+02
5.649869999999999663e+02 3.903919999999999959e+02 4.950609999999999786e+02 3.811560000000000059e+02
5.649869999999999663e+02 3.903919999999999959e+02 4.950609999999999786e+02 3.811560000000000059e+02
5.656870000000000118e+02 2.543849999999999909e+02 5.002889999999999873e+02 1.689569999999999936e+02
5.660230000000000246e+02 4.129069999999999823e+02 4.953020000000000209e+02 4.039660000000000082e+02
5.664180000000000064e+02 2.861630000000000109e+02 5.009100000000000250e+02 2.748310000000000173e+02
5.673429999999999609e+02 2.935160000000000196e+02 5.018229999999999791e+02 2.825690000000000168e+02
5.680960000000000036e+02 3.066770000000000209e+02 5.019820000000000277e+02 2.959049999999999727e+02
5.694260000000000446e+02 4.103919999999999959e+02 4.991139999999999759e+02 4.017839999999999918e+02
5.700879999999999654e+02 3.556039999999999850e+02 5.016789999999999736e+02 3.460400000000000205e+02
5.712770000000000437e+02 3.763519999999999754e+02 5.020950000000000273e+02 3.666669999999999732e+02
5.719310000000000400e+02 1.751659999999999968e+02 5.100009999999999764e+02 1.608930000000000007e+02
5.726380000000000337e+02 1.296040000000000134e+02 6.352509999999999764e+02 1.886100000000000136e+02
5.726380000000000337e+02 1.296040000000000134e+02 5.123569999999999709e+02 1.141889999999999930e+02
5.740729999999999791e+02 1.869240000000000066e+02 5.115199999999999818e+02 1.917500000000000000e+02
5.741159999999999854e+02 1.925029999999999859e+02 5.113650000000000091e+02 1.786500000000000057e+02
5.748360000000000127e+02 2.109420000000000073e+02 5.114429999999999836e+02 1.978300000000000125e+02
5.748920000000000528e+02 2.050279999999999916e+02 5.115199999999999818e+02 1.917500000000000000e+02
5.752530000000000427e+02 2.191100000000000136e+02 5.111109999999999900e+02 2.062709999999999866e+02
5.755660000000000309e+02 1.566020000000000039e+02 5.140220000000000482e+02 1.418859999999999957e+02
5.765289999999999964e+02 1.747810000000000059e+02 5.144080000000000155e+02 1.605670000000000073e+02
5.776219999999999573e+02 2.431189999999999998e+02 5.126390000000000100e+02 2.308530000000000086e+02
5.785529999999999973e+02 2.590950000000000273e+02 5.128809999999999718e+02 2.475289999999999964e+02
5.787019999999999982e+02 1.948309999999999889e+02 5.153070000000000164e+02 1.808750000000000000e+02
5.790879999999999654e+02 2.743299999999999841e+02 5.127889999999999873e+02 2.629440000000000168e+02
5.794450000000000500e+02 2.694970000000000141e+02 5.132140000000000555e+02 2.581299999999999955e+02
5.795560000000000400e+02 1.590140000000000100e+02 5.185929999999999609e+02 1.452510000000000048e+02
5.800700000000000500e+02 2.859460000000000264e+02 5.132709999999999582e+02 2.748299999999999841e+02
5.806029999999999518e+02 3.235509999999999877e+02 5.126319999999999482e+02 3.135059999999999718e+02
5.811180000000000518e+02 2.939279999999999973e+02 5.111109999999999900e+02 2.062709999999999866e+02
5.813150000000000546e+02 3.109440000000000168e+02 5.135689999999999600e+02 3.006200000000000045e+02
5.817210000000000036e+02 2.665299999999999727e+02 5.155589999999999691e+02 2.550089999999999861e+02
5.820380000000000109e+02 2.538669999999999902e+02 5.170810000000000173e+02 2.416670000000000016e+02
5.823060000000000400e+02 3.208310000000000173e+02 5.141000000000000227e+02 3.103509999999999991e+02
5.825539999999999736e+02 2.764220000000000255e+02 5.158390000000000555e+02 2.649759999999999991e+02
5.825679999999999836e+02 3.159689999999999941e+02 5.144969999999999573e+02 3.055980000000000132e+02
5.828830000000000382e+02 3.336179999999999950e+02 5.141910000000000309e+02 3.233999999999999773e+02
5.838179999999999836e+02 3.428849999999999909e+02 5.145019999999999527e+02 3.329329999999999927e+02
5.839969999999999573e+02 1.406359999999999957e+02 5.244700000000000273e+02 1.257360000000000042e+02
5.846369999999999436e+02 1.571260000000000048e+02 5.246549999999999727e+02 1.429420000000000073e+02
5.848490000000000464e+02 3.762149999999999750e+02 5.147880000000000109e+02 3.667850000000000250e+02
5.851050000000000182e+02 3.762869999999999777e+02 5.147880000000000109e+02 3.667850000000000250e+02
5.860159999999999627e+02 3.099399999999999977e+02 5.170810000000000173e+02 2.416670000000000016e+02
5.869800000000000182e+02 3.326349999999999909e+02 5.183089999999999691e+02 3.227479999999999905e+02
5.872050000000000409e+02 1.477090000000000032e+02 5.283179999999999836e+02 1.390250000000000057e+02
5.874239999999999782e+02 3.454859999999999900e+02 5.178419999999999845e+02 3.355760000000000218e+02
5.875049999999999955e+02 3.235310000000000059e+02 5.193799999999999955e+02 3.134970000000000141e+02
5.875090000000000146e+02 3.542069999999999936e+02 5.178609999999999900e+02 3.444669999999999845e+02
5.890009999999999764e+02 1.817839999999999918e+02 5.185929999999999609e+02 1.452510000000000048e+02
5.891029999999999518e+02 3.744900000000000091e+02 5.190359999999999445e+02 3.650319999999999823e+02
5.893859999999999673e+02 3.902309999999999945e+02 5.183859999999999673e+02 3.807830000000000155e+02
5.896559999999999491e+02 2.386800000000000068e+02 5.266319999999999482e+02 2.269089999999999918e+02
5.903669999999999618e+02 2.836200000000000045e+02 5.250149999999999864e+02 2.728349999999999795e+02
5.907140000000000555e+02 2.686639999999999873e+02 5.253529999999999518e+02 2.586039999999999850e+02
5.910869999999999891e+02 2.504720000000000084e+02 5.270739999999999554e+02 2.380529999999999973e+02
5.921749999999999545e+02 2.809959999999999809e+02 5.278319999999999936e+02 3.056610000000000014e+02
5.925259999999999536e+02 3.883149999999999977e+02 5.218060000000000400e+02 3.792189999999999941e+02
5.930190000000000055e+02 2.895219999999999914e+02 5.276219999999999573e+02 2.789150000000000205e+02
5.939349999999999454e+02 3.080179999999999723e+02 5.278619999999999663e+02 2.979700000000000273e+02
5.960789999999999509e+02 2.503360000000000127e+02 2.453040000000000020e+02 2.693639999999999759e+02
5.970199999999999818e+02 1.543379999999999939e+02 5.386219999999999573e+02 1.413710000000000093e+02
5.980180000000000291e+02 3.144540000000000077e+02 5.312309999999999945e+02 3.045810000000000173e+02
5.983189999999999600e+02 2.057920000000000016e+02 5.380879999999999654e+02 1.933389999999999986e+02
5.995309999999999491e+02 4.104309999999999832e+02 5.287910000000000537e+02 4.017769999999999868e+02
5.997509999999999764e+02 2.312669999999999959e+02 5.380549999999999500e+02 2.198499999999999943e+02
6.002559999999999718e+02 1.705689999999999884e+02 5.415829999999999700e+02 1.573449999999999989e+02
6.012820000000000391e+02 2.029819999999999993e+02 5.411169999999999618e+02 1.906399999999999864e+02
6.021639999999999873e+02 1.776620000000000061e+02 5.434220000000000255e+02 1.649780000000000086e+02
6.038609999999999900e+02 2.018350000000000080e+02 5.440990000000000464e+02 1.893460000000000036e+02
6.049650000000000318e+02 2.837930000000000064e+02 5.424619999999999891e+02 3.070609999999999786e+02
6.058150000000000546e+02 2.270939999999999941e+02 5.449610000000000127e+02 2.153590000000000089e+02
6.066090000000000373e+02 2.052009999999999934e+02 5.468600000000000136e+02 1.932290000000000134e+02
6.066430000000000291e+02 2.360569999999999879e+02 5.455810000000000173e+02 2.247079999999999984e+02
6.086299999999999955e+02 2.295060000000000002e+02 5.479619999999999891e+02 2.182369999999999948e+02
6.100370000000000346e+02 2.173040000000000020e+02 4.723489999999999895e+02 2.779839999999999804e+02
6.109220000000000255e+02 2.902459999999999809e+02 5.476280000000000427e+02 2.805260000000000105e+02
6.109389999999999645e+02 2.275409999999999968e+02 5.504239999999999782e+02 2.160329999999999870e+02
6.129869999999999663e+02 3.183609999999999900e+02 5.485270000000000437e+02 3.083020000000000209e+02
6.130109999999999673e+02 4.332099999999999795e+02 5.416290000000000191e+02 4.253279999999999745e+02
6.132160000000000082e+02 2.879440000000000168e+02 5.503519999999999754e+02 2.779950000000000045e+02
6.133540000000000418e+02 3.238960000000000150e+02 5.486799999999999500e+02 3.145629999999999882e+02
6.154959999999999809e+02 4.118360000000000127e+02 5.468719999999999573e+02 4.034929999999999950e+02
6.166280000000000427e+02 4.193629999999999995e+02 5.481779999999999973e+02 4.108550000000000182e+02
6.168579999999999472e+02 3.324870000000000232e+02 1.165060000000000002e+02 5.299560000000000173e+02
6.174099999999999682e+02 5.074859999999999900e+02 4.524669999999999845e+02 5.021890000000000214e+02
6.175270000000000437e+02 3.995899999999999750e+02 5.495069999999999482e+02 3.909399999999999977e+02
6.182409999999999854e+02 4.031379999999999768e+02 5.499420000000000073e+02 3.946689999999999827e+02
6.183390000000000555e+02 5.016700000000000159e+02 4.553770000000000095e+02 4.959540000000000077e+02
6.241200000000000045e+02 4.127930000000000064e+02 5.563419999999999845e+02 4.045950000000000273e+02
6.252129999999999654e+02 3.730470000000000255e+02 5.597190000000000509e+02 3.644510000000000218e+02
6.301839999999999691e+02 3.921490000000000009e+02 5.641399999999999864e+02 3.836150000000000091e+02
6.337150000000000318e+02 2.111109999999999900e+02 5.773619999999999663e+02 2.002359999999999900e+02
6.340080000000000382e+02 2.053329999999999984e+02 5.779089999999999918e+02 1.939259999999999877e+02
6.345099999999999909e+02 2.388269999999999982e+02 5.763509999999999991e+02 2.285440000000000111e+02
6.367160000000000082e+02 4.140389999999999873e+02 5.703759999999999764e+02 4.059139999999999873e+02
6.368550000000000182e+02 1.732909999999999968e+02 5.818840000000000146e+02 1.617669999999999959e+02
6.371530000000000200e+02 2.029629999999999939e+02 6.023930000000000291e+02 2.024459999999999980e+02
6.376119999999999663e+02 2.225819999999999936e+02 5.807409999999999854e+02 2.121699999999999875e+02
6.393060000000000400e+02 2.188969999999999914e+02 5.826970000000000027e+02 2.079420000000000073e+02
6.406100000000000136e+02 2.276680000000000064e+02 5.839500000000000455e+02 2.179079999999999870e+02
6.406100000000000136e+02 2.276680000000000064e+02 5.839500000000000455e+02 2.179079999999999870e+02
6.407490000000000236e+02 3.374870000000000232e+02 5.783920000000000528e+02 3.280779999999999745e+02
6.411130000000000564e+02 4.133519999999999754e+02 5.753020000000000209e+02 4.051290000000000191e+02
6.436689999999999827e+02 3.322239999999999895e+02 5.820510000000000446e+02 3.231329999999999814e+02
6.438740000000000236e+02 2.482110000000000127e+02 5.865389999999999873e+02 2.386189999999999998e+02
6.442490000000000236e+02 3.570090000000000146e+02 5.815399999999999636e+02 3.483759999999999764e+02
6.442839999999999918e+02 3.253980000000000246e+02 5.979020000000000437e+02 3.761229999999999905e+02
6.452680000000000291e+02 3.514750000000000227e+02 5.829139999999999873e+02 3.427189999999999941e+02
6.454299999999999500e+02 2.325550000000000068e+02 5.888239999999999554e+02 2.223530000000000086e+02
6.457229999999999563e+02 1.945850000000000080e+02 5.909199999999999591e+02 1.835209999999999866e+02
6.467440000000000282e+02 3.053559999999999945e+02 5.872680000000000291e+02 2.972309999999999945e+02
6.472110000000000127e+02 2.065929999999999893e+02 6.121459999999999582e+02 2.076279999999999859e+02
6.472110000000000127e+02 2.065929999999999893e+02 5.921109999999999900e+02 1.960660000000000025e+02
6.473360000000000127e+02 3.312090000000000032e+02 5.865259999999999536e+02 3.229220000000000255e+02
6.476530000000000200e+02 4.133659999999999854e+02 5.828540000000000418e+02 4.048840000000000146e+02
6.479049999999999727e+02 2.152019999999999982e+02 6.125130000000000337e+02 2.159269999999999925e+02
6.486090000000000373e+02 2.220819999999999936e+02 5.929289999999999736e+02 2.120039999999999907e+02
6.486950000000000500e+02 2.976429999999999723e+02 5.896019999999999754e+02 2.886009999999999991e+02
6.486950000000000500e+02 2.976429999999999723e+02 5.896019999999999754e+02 2.886009999999999991e+02
6.489880000000000564e+02 2.925790000000000077e+02 7.918970000000000482e+02 5.750009999999999764e+02
6.496770000000000209e+02 1.763019999999999925e+02 5.961530000000000200e+02 1.659600000000000080e+02
6.500789999999999509e+02 1.770260000000000105e+02 5.961530000000000200e+02 1.659600000000000080e+02
6.504030000000000200e+02 3.576200000000000045e+02 5.881050000000000182e+02 3.491899999999999977e+02
6.509579999999999700e+02 3.028190000000000168e+02 6.128719999999999573e+02 3.005450000000000159e+02
6.529819999999999709e+02 2.125840000000000032e+02 5.981050000000000182e+02 2.029610000000000127e+02
6.538809999999999718e+02 2.751370000000000005e+02 6.164450000000000500e+02 2.733799999999999955e+02
6.539339999999999691e+02 2.485670000000000073e+02 5.978210000000000264e+02 2.390610000000000070e+02
6.550599999999999454e+02 3.035339999999999918e+02 6.168139999999999645e+02 3.013140000000000214e+02
6.553189999999999600e+02 2.859420000000000073e+02 5.974519999999999982e+02 2.768380000000000223e+02
6.553189999999999600e+02 2.859420000000000073e+02 5.974519999999999982e+02 2.768380000000000223e+02
6.553379999999999654e+02 2.528710000000000093e+02 5.990610000000000355e+02 2.436250000000000000e+02
6.568500000000000227e+02 2.091220000000000141e+02 6.214080000000000155e+02 2.096649999999999920e+02
6.569719999999999800e+02 2.133509999999999991e+02 6.023930000000000291e+02 2.024459999999999980e+02
6.572179999999999609e+02 3.661240000000000236e+02 5.941929999999999836e+02 3.591009999999999991e+02
6.585769999999999982e+02 3.256510000000000105e+02 5.986939999999999600e+02 3.169370000000000118e+02
6.592870000000000346e+02 3.956549999999999727e+02 5.960280000000000200e+02 3.877400000000000091e+02
6.594539999999999509e+02 3.328149999999999977e+02 5.995140000000000100e+02 3.243260000000000218e+02
6.598579999999999472e+02 4.134420000000000073e+02 5.957549999999999955e+02 4.055049999999999955e+02
6.600720000000000027e+02 2.550889999999999986e+02 6.036130000000000564e+02 2.455869999999999891e+02
6.602069999999999936e+02 3.413750000000000000e+02 5.998369999999999891e+02 3.330769999999999982e+02
6.605750000000000455e+02 2.365269999999999868e+02 6.051029999999999518e+02 2.274610000000000127e+02
6.616760000000000446e+02 2.619569999999999936e+02 6.051340000000000146e+02 2.526270000000000095e+02
6.618849999999999909e+02 3.539700000000000273e+02 6.008940000000000055e+02 3.453840000000000146e+02
6.618849999999999909e+02 3.539700000000000273e+02 6.008940000000000055e+02 3.453840000000000146e+02
6.620410000000000537e+02 1.876649999999999920e+02 6.087960000000000491e+02 1.771560000000000059e+02
6.624819999999999709e+02 1.887899999999999920e+02 6.087960000000000491e+02 1.771560000000000059e+02
6.626219999999999573e+02 1.945509999999999877e+02 6.093650000000000091e+02 1.845490000000000066e+02
6.633479999999999563e+02 4.191449999999999818e+02 5.992039999999999509e+02 4.110110000000000241e+02
6.635800000000000409e+02 2.509960000000000093e+02 6.078949999999999818e+02 2.415790000000000077e+02
6.637179999999999609e+02 4.001109999999999900e+02 6.006849999999999454e+02 3.919060000000000059e+02
6.637799999999999727e+02 1.935000000000000000e+02 5.901660000000000537e+02 1.693660000000000139e+02
6.638390000000000555e+02 2.348110000000000070e+02 6.088020000000000209e+02 2.257500000000000000e+02
6.644389999999999645e+02 5.006800000000000068e+02 5.171309999999999718e+02 4.939060000000000059e+02
6.646250000000000000e+02 4.913770000000000095e+02 5.177849999999999682e+02 4.843399999999999750e+02
6.659189999999999827e+02 2.998009999999999877e+02 5.949220000000000255e+02 2.351169999999999902e+02
6.659189999999999827e+02 2.998009999999999877e+02 6.082549999999999955e+02 2.910059999999999718e+02
6.659950000000000045e+02 2.170660000000000025e+02 6.121459999999999582e+02 2.076279999999999859e+02
6.666119999999999663e+02 2.250089999999999861e+02 6.125130000000000337e+02 2.159269999999999925e+02
6.670710000000000264e+02 2.918980000000000246e+02 6.100399999999999636e+02 2.831070000000000277e+02
6.670810000000000173e+02 2.586650000000000205e+02 6.111150000000000091e+02 2.499410000000000025e+02
6.670810000000000173e+02 2.586650000000000205e+02 6.111150000000000091e+02 2.499410000000000025e+02
6.672390000000000327e+02 2.306399999999999864e+02 6.128799999999999955e+02 2.209900000000000091e+02
6.688390000000000555e+02 2.426289999999999907e+02 6.139560000000000173e+02 2.331200000000000045e+02
6.699759999999999991e+02 4.919449999999999932e+02 5.249729999999999563e+02 4.848849999999999909e+02
6.704170000000000300e+02 3.089780000000000086e+02 6.128719999999999573e+02 3.005450000000000159e+02
6.706559999999999491e+02 2.626909999999999741e+02 5.949099999999999682e+02 2.464099999999999966e+02
6.707000000000000455e+02 3.620830000000000268e+02 6.299389999999999645e+02 3.576190000000000282e+02
6.724880000000000564e+02 2.345829999999999984e+02 6.184360000000000355e+02 2.256109999999999900e+02
6.727179999999999609e+02 2.819940000000000282e+02 6.164450000000000500e+02 2.733799999999999955e+02
6.735839999999999463e+02 3.478750000000000000e+02 6.138390000000000555e+02 3.396510000000000105e+02
6.737640000000000100e+02 2.605620000000000118e+02 5.990610000000000355e+02 2.436250000000000000e+02
6.739249999999999545e+02 2.037429999999999950e+02 6.226559999999999491e+02 1.947949999999999875e+02
6.739249999999999545e+02 2.037429999999999950e+02 6.226559999999999491e+02 1.947949999999999875e+02
6.742369999999999663e+02 2.914359999999999786e+02 6.179070000000000391e+02 2.832099999999999795e+02
6.743819999999999482e+02 3.095869999999999891e+02 6.168139999999999645e+02 3.013140000000000214e+02
6.745710000000000264e+02 2.185740000000000123e+02 6.214080000000000155e+02 2.096649999999999920e+02
6.756040000000000418e+02 3.498609999999999900e+02 6.163529999999999518e+02 3.419019999999999868e+02
6.763930000000000291e+02 2.367489999999999952e+02 6.224170000000000300e+02 2.274470000000000027e+02
6.779120000000000346e+02 2.623690000000000282e+02 6.226280000000000427e+02 2.535180000000000007e+02
6.787690000000000055e+02 3.068149999999999977e+02 6.218099999999999454e+02 2.984019999999999868e+02
6.787949999999999591e+02 3.174010000000000105e+02 6.215919999999999845e+02 3.094630000000000223e+02
6.791440000000000055e+02 2.001359999999999957e+02 6.270370000000000346e+02 1.908170000000000073e+02
6.795209999999999582e+02 2.691159999999999854e+02 6.240410000000000537e+02 2.607269999999999754e+02
6.795389999999999873e+02 3.445819999999999936e+02 6.206689999999999827e+02 3.364560000000000173e+02
6.797500000000000000e+02 3.967049999999999841e+02 5.960280000000000200e+02 3.877400000000000091e+02
6.800620000000000118e+02 2.052640000000000100e+02 6.275370000000000346e+02 1.959000000000000057e+02
6.806150000000000091e+02 3.345489999999999782e+02 6.223179999999999836e+02 3.262610000000000241e+02
6.807269999999999754e+02 2.529209999999999923e+02 6.279840000000000373e+02 2.457009999999999934e+02
6.807509999999999764e+02 3.623389999999999986e+02 6.400589999999999691e+02 3.579990000000000236e+02
6.809149999999999636e+02 2.193880000000000052e+02 6.279239999999999782e+02 2.105610000000000070e+02
6.815660000000000309e+02 2.130310000000000059e+02 6.289800000000000182e+02 2.038050000000000068e+02
6.816269999999999527e+02 2.264710000000000036e+02 6.283680000000000518e+02 2.168309999999999889e+02
6.831929999999999836e+02 3.939979999999999905e+02 5.865259999999999536e+02 3.229220000000000255e+02
6.839020000000000437e+02 3.040419999999999732e+02 6.274790000000000418e+02 2.956610000000000014e+02
6.846979999999999791e+02 2.474230000000000018e+02 6.311820000000000164e+02 2.390109999999999957e+02
6.851259999999999764e+02 3.159850000000000136e+02 6.088250000000000455e+02 3.032850000000000250e+02
6.851280000000000427e+02 3.160969999999999800e+02 6.088250000000000455e+02 3.032850000000000250e+02
6.851280000000000427e+02 3.160969999999999800e+02 6.283129999999999882e+02 3.080950000000000273e+02
6.852240000000000464e+02 2.541090000000000089e+02 6.311710000000000491e+02 2.456510000000000105e+02
6.854400000000000546e+02 2.997250000000000227e+02 6.293419999999999845e+02 2.914200000000000159e+02
6.859410000000000309e+02 4.715570000000000164e+02 5.526430000000000291e+02 4.636059999999999945e+02
6.870009999999999764e+02 2.618999999999999773e+02 6.325900000000000318e+02 2.534079999999999870e+02
6.875159999999999627e+02 3.370899999999999750e+02 6.099980000000000473e+02 3.230409999999999968e+02
6.880130000000000337e+02 2.694920000000000186e+02 6.335750000000000455e+02 2.616469999999999914e+02
6.880130000000000337e+02 2.694920000000000186e+02 6.335750000000000455e+02 2.616469999999999914e+02
6.884059999999999491e+02 3.149209999999999923e+02 6.128719999999999573e+02 3.005450000000000159e+02
6.885180000000000291e+02 4.766059999999999945e+02 5.556620000000000346e+02 4.688509999999999991e+02
6.891480000000000246e+02 4.726039999999999850e+02 5.556970000000000027e+02 4.649990000000000236e+02
6.902200000000000273e+02 2.887490000000000236e+02 6.349729999999999563e+02 2.799429999999999836e+02
6.930910000000000082e+02 9.331529999999999347e+01 6.905650000000000546e+02 8.915200000000000102e+01
6.931539999999999964e+02 3.161630000000000109e+02 6.367839999999999918e+02 3.081309999999999718e+02
6.940850000000000364e+02 3.351370000000000005e+02 6.365760000000000218e+02 3.272189999999999941e+02
6.944980000000000473e+02 3.306870000000000118e+02 6.373709999999999809e+02 3.221429999999999723e+02
6.959230000000000018e+02 3.488070000000000164e+02 6.378819999999999482e+02 3.410810000000000173e+02
6.971369999999999436e+02 3.536940000000000168e+02 6.056430000000000291e+02 2.875950000000000273e+02
7.040800000000000409e+02 4.825439999999999827e+02 5.695259999999999536e+02 4.748690000000000282e+02
7.091240000000000236e+02 3.364950000000000045e+02 6.613920000000000528e+02 3.156499999999999773e+02
7.102340000000000373e+02 4.929809999999999945e+02 5.766150000000000091e+02 4.857409999999999854e+02
7.124289999999999736e+02 5.110269999999999868e+02 1.477849999999999966e+02 5.263790000000000191e+02
7.130789999999999509e+02 5.909790000000000418e+02 7.131470000000000482e+02 5.909470000000000027e+02
7.156380000000000337e+02 3.446709999999999923e+02 7.809489999999999554e+02 7.813500000000000512e+01
7.161259999999999764e+02 3.483290000000000077e+02 6.835009999999999764e+02 3.431759999999999877e+02
7.253390000000000555e+02 4.763310000000000173e+02 5.948179999999999836e+02 4.674809999999999945e+02
7.327100000000000364e+02 4.850040000000000191e+02 3.241999999999999886e+02 5.077019999999999982e+02
7.438400000000000318e+02 4.876109999999999900e+02 6.212169999999999845e+02 4.796290000000000191e+02
7.532930000000000064e+02 4.357099999999999795e+02 7.167269999999999754e+02 4.285099999999999909e+02
7.662649999999999864e+02 5.939400000000000546e+02 7.660430000000000064e+02 5.939589999999999463e+02
7.673379999999999654e+02 4.682860000000000014e+02 6.469850000000000136e+02 4.619870000000000232e+02
7.730399999999999636e+02 3.646129999999999995e+02 7.394579999999999700e+02 3.592930000000000064e+02
7.765339999999999918e+02 4.604680000000000177e+02 6.964160000000000537e+02 4.520389999999999873e+02
7.780890000000000555e+02 5.949769999999999754e+02 7.660430000000000064e+02 5.939589999999999463e+02
7.801699999999999591e+02 3.632180000000000177e+02 7.457609999999999673e+02 3.579259999999999877e+02
7.918479999999999563e+02 3.052520000000000095e+02 7.918479999999999563e+02 3.052520000000000095e+02
7.923519999999999754e+02 4.778779999999999859e+02 7.918429999999999609e+02 4.777210000000000036e+02
7.929149999999999636e+02 4.784159999999999968e+02 7.918429999999999609e+02 4.777210000000000036e+02
7.938640000000000327e+02 2.182709999999999866e+02 7.918479999999999563e+02 3.052520000000000095e+02
7.947569999999999482e+02 5.920620000000000118e+02 7.939940000000000282e+02 5.915399999999999636e+02
7.950769999999999982e+02 5.436059999999999945e+02 7.949880000000000564e+02 5.440710000000000264e+02
