7.663170000000000037e+00 2.418269999999999982e+02 1.017570000000000086e+01 3.430419999999999732e+02
3.045129999999999981e+01 5.633669999999999618e+02 4.920179999999999723e+02 1.110049999999999955e+02
4.226780000000000115e+01 4.205910000000000082e+02 6.933429999999999609e+02 4.727730000000000246e+02
4.226780000000000115e+01 4.205910000000000082e+02 6.933429999999999609e+02 4.727730000000000246e+02
6.520050000000000523e+01 5.901140000000000327e+02 6.524469999999999459e+01 5.901119999999999663e+02
9.112669999999999959e+01 1.910300000000000011e+02 1.029860000000000042e+01 1.502620000000000005e+02
9.243890000000000384e+01 1.878110000000000070e+02 1.096230000000000082e+01 1.468180000000000121e+02
9.712720000000000198e+01 1.905589999999999975e+02 1.762020000000000053e+01 1.504410000000000025e+02
9.986159999999999570e+01 2.147659999999999911e+02 2.426099999999999923e+01 1.781920000000000073e+02
1.061170000000000044e+02 5.876970000000000027e+02 4.731329999999999814e+02 5.877609999999999673e+02
1.086209999999999951e+02 4.637330000000000041e+02 3.088100000000000023e+02 2.166810000000000116e+02
1.109770000000000039e+02 2.167500000000000000e+02 3.892060000000000031e+01 1.816289999999999907e+02
1.151069999999999993e+02 2.097330000000000041e+02 4.242519999999999669e+01 1.731500000000000057e+02
1.153589999999999947e+02 2.205939999999999941e+02 4.413340000000000174e+01 1.853700000000000045e+02
1.254969999999999999e+02 5.311680000000000064e+02 6.120109999999999673e+02 1.366339999999999861e+02
1.342940000000000111e+02 2.481879999999999882e+02 6.119019999999999726e+01 2.152119999999999891e+02
1.378499999999999943e+02 2.626870000000000118e+02 6.485529999999999973e+01 2.310329999999999870e+02
1.487990000000000066e+02 5.478289999999999509e+02 2.310440000000000111e+02 4.187889999999999873e+02
1.591610000000000014e+02 2.719719999999999800e+02 7.160259999999999536e+02 3.655360000000000014e+02
1.661419999999999959e+02 4.636170000000000186e+02 7.210729999999999791e+02 4.514920000000000186e+02
1.690180000000000007e+02 5.536580000000000155e+02 1.008769999999999953e+02 5.315059999999999718e+02
1.720339999999999918e+02 3.688799999999999955e+02 9.134600000000000364e+01 3.494220000000000255e+02
2.138950000000000102e+02 2.702389999999999759e+02 5.356940000000000168e+01 4.378020000000000209e+02
2.288340000000000032e+02 5.515960000000000036e+02 5.344930000000000518e+02 2.720559999999999832e+02
2.706739999999999782e+02 3.041739999999999782e+02 1.540639999999999930e+02 2.672149999999999750e+02
2.774750000000000227e+02 1.834250000000000114e+02 3.310419999999999732e+02 7.736620000000000630e+01
2.802269999999999754e+02 2.071800000000000068e+02 5.240109999999999673e+02 1.213539999999999992e+02
2.808919999999999959e+02 5.506660000000000537e+02 1.990049999999999955e+02 5.243980000000000246e+02
2.833419999999999845e+02 5.875650000000000546e+02 2.819320000000000164e+02 5.868319999999999936e+02
2.855140000000000100e+02 2.706990000000000123e+02 3.971039999999999850e+02 3.916220000000000141e+02
2.879150000000000205e+02 5.830090000000000146e+02 3.280330000000000155e+02 5.825520000000000209e+02
2.906840000000000259e+02 2.610360000000000014e+02 3.677749999999999773e+02 4.026139999999999759e+02
3.174230000000000018e+02 3.409950000000000045e+02 1.813350000000000080e+02 3.051750000000000114e+02
3.306530000000000200e+02 4.611709999999999923e+02 1.762050000000000125e+02 4.591530000000000200e+02
3.481820000000000164e+02 3.548770000000000095e+02 1.715610000000000070e+02 5.841480000000000246e+02
3.484750000000000227e+02 3.290339999999999918e+02 2.040620000000000118e+02 2.929639999999999986e+02
3.486370000000000005e+02 2.767789999999999964e+02 2.079600000000000080e+02 2.329470000000000027e+02
3.550570000000000164e+02 2.912830000000000155e+02 2.122909999999999968e+02 2.474939999999999998e+02
3.552490000000000236e+02 3.003439999999999941e+02 2.113439999999999941e+02 2.574680000000000177e+02
3.575840000000000032e+02 3.206700000000000159e+02 2.139929999999999950e+02 2.817459999999999809e+02
3.641770000000000209e+02 5.831050000000000182e+02 4.562289999999999850e+02 1.246650000000000063e+02
3.657830000000000155e+02 4.663120000000000118e+02 1.784269999999999925e+02 4.535020000000000095e+02
3.667400000000000091e+02 3.264929999999999950e+02 2.261899999999999977e+02 2.893050000000000068e+02
3.667400000000000091e+02 3.264929999999999950e+02 2.261899999999999977e+02 2.893050000000000068e+02
3.675230000000000246e+02 1.883940000000000055e+02 2.359850000000000136e+02 1.285360000000000014e+02
3.688940000000000055e+02 5.269840000000000373e+02 3.376700000000000301e+01 5.315729999999999791e+02
3.731410000000000196e+02 2.282270000000000039e+02 2.413580000000000041e+02 1.752729999999999961e+02
3.735400000000000205e+02 2.960840000000000032e+02 2.375360000000000014e+02 2.541649999999999920e+02
3.849759999999999991e+02 2.170130000000000052e+02 2.585969999999999800e+02 1.634720000000000084e+02
3.849759999999999991e+02 2.170130000000000052e+02 2.585969999999999800e+02 1.634720000000000084e+02
3.886519999999999868e+02 2.530980000000000132e+02 2.609460000000000264e+02 2.053720000000000141e+02
3.935659999999999741e+02 4.728559999999999945e+02 1.409840000000000089e+02 4.439669999999999845e+02
3.952080000000000268e+02 2.764429999999999836e+02 7.995919999999999561e+01 4.621519999999999868e+02
3.993380000000000223e+02 2.508799999999999955e+02 2.761650000000000205e+02 2.035999999999999943e+02
4.009239999999999782e+02 5.877789999999999964e+02 2.701150000000000091e+02 5.869329999999999927e+02
4.017780000000000200e+02 2.030860000000000127e+02 2.822690000000000055e+02 1.487959999999999923e+02
4.039470000000000027e+02 2.724990000000000236e+02 5.088319999999999936e+02 2.895799999999999841e+02
4.056129999999999995e+02 2.967830000000000155e+02 6.191299999999999955e+02 2.690099999999999909e+02
4.093519999999999754e+02 3.204230000000000018e+02 2.861080000000000041e+02 2.496310000000000002e+02
4.094350000000000023e+02 1.770709999999999980e+02 3.092500000000000000e+02 1.259140000000000015e+02
4.099809999999999945e+02 1.778689999999999998e+02 2.854019999999999868e+02 1.169369999999999976e+02
4.108360000000000127e+02 1.408509999999999991e+02 3.129529999999999745e+02 8.482330000000000325e+01
4.181320000000000050e+02 4.691720000000000255e+02 2.024250000000000114e+02 4.555040000000000191e+02
4.202219999999999800e+02 5.324980000000000473e+02 2.013220000000000027e+02 3.170640000000000214e+02
4.211750000000000114e+02 2.471169999999999902e+02 3.063020000000000209e+02 2.015540000000000020e+02
4.217130000000000223e+02 2.016630000000000109e+02 3.098179999999999836e+02 1.491270000000000095e+02
4.269350000000000023e+02 4.702540000000000191e+02 4.590049999999999955e+02 2.071649999999999920e+02
4.278770000000000095e+02 1.848810000000000002e+02 3.273840000000000146e+02 1.339219999999999970e+02
4.290280000000000200e+02 4.579580000000000268e+02 2.907610000000000241e+02 4.438580000000000041e+02
4.308220000000000027e+02 1.370589999999999975e+02 4.140029999999999859e+02 4.744089999999999918e+01
4.419289999999999736e+02 1.801539999999999964e+02 3.381560000000000059e+02 1.275739999999999981e+02
4.748159999999999741e+02 2.210550000000000068e+02 4.033570000000000277e+02 2.861680000000000064e+02
4.784460000000000264e+02 5.909379999999999882e+02 5.782000000000000455e+02 5.898690000000000282e+02
4.799859999999999900e+02 2.948820000000000050e+02 5.078319999999999936e+02 1.543779999999999859e+02
4.858589999999999804e+02 2.185639999999999930e+02 4.033570000000000277e+02 2.861680000000000064e+02
4.861789999999999736e+02 2.792400000000000091e+02 4.033570000000000277e+02 2.861680000000000064e+02
4.912409999999999854e+02 2.182849999999999966e+02 4.058570000000000277e+02 2.073439999999999941e+02
4.925989999999999895e+02 4.661019999999999754e+02 4.644119999999999777e+02 3.483220000000000027e+02
4.976750000000000114e+02 4.395269999999999868e+02 3.926730000000000018e+02 4.230819999999999936e+02
4.986589999999999918e+02 4.690649999999999977e+02 6.327740000000000009e+02 3.072210000000000036e+02
5.060790000000000077e+02 4.610969999999999800e+02 2.149780000000000086e+02 1.910840000000000032e+02
5.068450000000000273e+02 1.303060000000000116e+02 4.095110000000000241e+02 7.140309999999999491e+01
5.093700000000000045e+02 2.755380000000000109e+02 4.033570000000000277e+02 2.861680000000000064e+02
5.093990000000000009e+02 2.710559999999999832e+02 4.058570000000000277e+02 2.073439999999999941e+02
5.145430000000000064e+02 2.095080000000000098e+02 4.151379999999999768e+02 1.596630000000000109e+02
5.150470000000000255e+02 1.125079999999999956e+02 4.216220000000000141e+02 4.683330000000000126e+01
5.151810000000000400e+02 1.700300000000000011e+02 4.172549999999999955e+02 1.154000000000000057e+02
5.151939999999999600e+02 1.369689999999999941e+02 4.190910000000000082e+02 7.758480000000000132e+01
5.157060000000000173e+02 2.142009999999999934e+02 4.156960000000000264e+02 1.659139999999999873e+02
5.161530000000000200e+02 2.467199999999999989e+02 4.142230000000000132e+02 2.020589999999999975e+02
5.164930000000000518e+02 1.940500000000000114e+02 4.173149999999999977e+02 1.416289999999999907e+02
5.165800000000000409e+02 1.841980000000000075e+02 4.177900000000000205e+02 1.310579999999999927e+02
5.180209999999999582e+02 2.061479999999999961e+02 4.184669999999999845e+02 1.562620000000000005e+02
5.209189999999999827e+02 1.460399999999999920e+02 4.240330000000000155e+02 1.649739999999999895e+02
5.225109999999999673e+02 1.115310000000000059e+02 4.305679999999999836e+02 4.771309999999999718e+01
5.248859999999999673e+02 2.541939999999999884e+02 4.234350000000000023e+02 2.122700000000000102e+02
5.253780000000000427e+02 2.693910000000000196e+02 4.229159999999999968e+02 2.287059999999999889e+02
5.271190000000000282e+02 3.140860000000000127e+02 4.229159999999999968e+02 2.287059999999999889e+02
5.277140000000000555e+02 1.751359999999999957e+02 4.489110000000000014e+02 1.297319999999999993e+02
5.277899999999999636e+02 1.945080000000000098e+02 4.483460000000000036e+02 1.504799999999999898e+02
5.307490000000000236e+02 2.506839999999999975e+02 4.303220000000000027e+02 2.080430000000000064e+02
5.318970000000000482e+02 2.773079999999999927e+02 4.472010000000000218e+02 2.424269999999999925e+02
5.321200000000000045e+02 2.776899999999999977e+02 4.472010000000000218e+02 2.424269999999999925e+02
5.331649999999999636e+02 3.208349999999999795e+02 4.295960000000000036e+02 2.379780000000000086e+02
5.354080000000000155e+02 1.190400000000000063e+02 4.633349999999999795e+02 6.739690000000000225e+01
5.367100000000000364e+02 2.846440000000000055e+02 5.050840000000000032e+02 9.543439999999999657e+01
5.368440000000000509e+02 2.119919999999999902e+02 5.088319999999999936e+02 2.895799999999999841e+02
5.384049999999999727e+02 2.534890000000000043e+02 5.085249999999999773e+02 2.886639999999999873e+02
5.394750000000000227e+02 2.738709999999999809e+02 5.088319999999999936e+02 2.895799999999999841e+02
5.395460000000000491e+02 1.209599999999999937e+02 4.521379999999999768e+02 6.050430000000000064e+01
5.413830000000000382e+02 3.226720000000000255e+02 3.063020000000000209e+02 2.015540000000000020e+02
5.413849999999999909e+02 3.177900000000000205e+02 5.085249999999999773e+02 2.886639999999999873e+02
5.419049999999999727e+02 4.712660000000000196e+02 5.053960000000000150e+02 2.955310000000000059e+02
5.457150000000000318e+02 1.830029999999999859e+02 4.590989999999999895e+02 1.341810000000000116e+02
5.478600000000000136e+02 2.636610000000000014e+02 2.191380000000000052e+02 4.631209999999999809e+02
5.494669999999999845e+02 4.382230000000000132e+02 4.500160000000000196e+02 4.223759999999999764e+02
5.499360000000000355e+02 2.205269999999999868e+02 4.601440000000000055e+02 2.445660000000000025e+02
5.519779999999999518e+02 1.871330000000000098e+02 4.645000000000000000e+02 1.377680000000000007e+02
5.521359999999999673e+02 1.400999999999999943e+02 4.685590000000000259e+02 8.541549999999999443e+01
5.528479999999999563e+02 2.806879999999999882e+02 4.601440000000000055e+02 2.445660000000000025e+02
5.530180000000000291e+02 2.807679999999999723e+02 4.601440000000000055e+02 2.445660000000000025e+02
5.531620000000000346e+02 1.298050000000000068e+02 4.706200000000000045e+02 7.235739999999999839e+01
5.554700000000000273e+02 2.043149999999999977e+02 4.679420000000000073e+02 1.575970000000000084e+02
5.563490000000000464e+02 2.231059999999999945e+02 4.683829999999999814e+02 1.056839999999999975e+02
5.575940000000000509e+02 4.955190000000000055e+02 4.668269999999999982e+02 4.809759999999999991e+02
5.575940000000000509e+02 4.955190000000000055e+02 4.668269999999999982e+02 4.809759999999999991e+02
5.578899999999999864e+02 1.320900000000000034e+02 4.754139999999999873e+02 7.499379999999999313e+01
5.591720000000000255e+02 1.469720000000000084e+02 4.756850000000000023e+02 9.178650000000000375e+01
5.596069999999999709e+02 1.671879999999999882e+02 4.749959999999999809e+02 1.144669999999999987e+02
5.614750000000000227e+02 3.247400000000000091e+02 4.664929999999999950e+02 2.943399999999999750e+02
5.614750000000000227e+02 3.247400000000000091e+02 4.662370000000000232e+02 3.686519999999999868e+02
5.616779999999999973e+02 1.925490000000000066e+02 4.759549999999999841e+02 1.437100000000000080e+02
5.623840000000000146e+02 2.804739999999999895e+02 4.710720000000000027e+02 2.448269999999999982e+02
5.624389999999999645e+02 3.453969999999999914e+02 2.097829999999999870e+02 1.726299999999999955e+02
5.631609999999999445e+02 2.070939999999999941e+02 4.770760000000000218e+02 1.603439999999999941e+02
5.646430000000000291e+02 2.477880000000000109e+02 4.753240000000000123e+02 2.073369999999999891e+02
5.649869999999999663e+02 3.903919999999999959e+02 4.662370000000000232e+02 3.686519999999999868e+02
5.660230000000000246e+02 4.129069999999999823e+02 4.660090000000000146e+02 3.940609999999999786e+02
5.660230000000000246e+02 4.129069999999999823e+02 4.660090000000000146e+02 3.940609999999999786e+02
5.673429999999999609e+02 2.935160000000000196e+02 4.763029999999999973e+02 2.585609999999999786e+02
5.694260000000000446e+02 4.103919999999999959e+02 4.705120000000000005e+02 3.914370000000000118e+02
5.717559999999999718e+02 1.517050000000000125e+02 4.879879999999999995e+02 9.667340000000000089e+01
5.726380000000000337e+02 1.296040000000000134e+02 6.329759999999999991e+02 1.610000000000000000e+02
5.744589999999999463e+02 1.436539999999999964e+02 4.914100000000000250e+02 8.759359999999999502e+01
5.748360000000000127e+02 2.109420000000000073e+02 4.875280000000000200e+02 1.643319999999999936e+02
5.748920000000000528e+02 2.050279999999999916e+02 4.878330000000000268e+02 1.575670000000000073e+02
5.776219999999999573e+02 2.431189999999999998e+02 4.882850000000000250e+02 2.010389999999999873e+02
5.787019999999999982e+02 1.948309999999999889e+02 4.921709999999999923e+02 1.452640000000000100e+02
5.789519999999999982e+02 2.195120000000000005e+02 4.911440000000000055e+02 1.743069999999999879e+02
5.790879999999999654e+02 2.743299999999999841e+02 4.876469999999999914e+02 2.366990000000000123e+02
5.794450000000000500e+02 2.694970000000000141e+02 4.883700000000000045e+02 2.314780000000000086e+02
5.795560000000000400e+02 1.590140000000000100e+02 4.970070000000000050e+02 1.077030000000000030e+02
5.796960000000000264e+02 2.993729999999999905e+02 4.932269999999999754e+02 2.125109999999999957e+02
5.797309999999999945e+02 2.786179999999999950e+02 4.878709999999999809e+02 1.831059999999999945e+02
5.800700000000000500e+02 2.859460000000000264e+02 4.879279999999999973e+02 2.500180000000000007e+02
5.813150000000000546e+02 3.109440000000000168e+02 4.878140000000000214e+02 2.786700000000000159e+02
5.822150000000000318e+02 2.727730000000000246e+02 4.910240000000000009e+02 2.349569999999999936e+02
5.823060000000000400e+02 3.208310000000000173e+02 4.883690000000000282e+02 2.891539999999999964e+02
5.825539999999999736e+02 2.764220000000000255e+02 4.909900000000000091e+02 2.390209999999999866e+02
5.825679999999999836e+02 3.159689999999999941e+02 4.888190000000000168e+02 2.841030000000000086e+02
5.828830000000000382e+02 3.336179999999999950e+02 4.878849999999999909e+02 3.042320000000000277e+02
5.829139999999999873e+02 3.507579999999999814e+02 4.869590000000000032e+02 3.239279999999999973e+02
5.833189999999999600e+02 2.878240000000000123e+02 4.913340000000000032e+02 2.520310000000000059e+02
5.834640000000000555e+02 3.386109999999999900e+02 4.879830000000000041e+02 3.100409999999999968e+02
5.839969999999999573e+02 1.406359999999999957e+02 5.629349999999999454e+02 1.241500000000000057e+02
5.848490000000000464e+02 3.762149999999999750e+02 4.871220000000000141e+02 3.521979999999999791e+02
5.851050000000000182e+02 3.762869999999999777e+02 4.871220000000000141e+02 3.521979999999999791e+02
5.860159999999999627e+02 3.099399999999999977e+02 4.932269999999999754e+02 2.125109999999999957e+02
5.866430000000000291e+02 3.909529999999999745e+02 4.884440000000000168e+02 3.689590000000000032e+02
5.869800000000000182e+02 3.326349999999999909e+02 4.927529999999999859e+02 3.035040000000000191e+02
5.874239999999999782e+02 3.454859999999999900e+02 4.919940000000000282e+02 3.175389999999999873e+02
5.875049999999999955e+02 3.235310000000000059e+02 4.942130000000000223e+02 2.930129999999999768e+02
5.875090000000000146e+02 3.542069999999999936e+02 4.916440000000000055e+02 3.275360000000000014e+02
5.877119999999999891e+02 3.455539999999999736e+02 4.919940000000000282e+02 3.175389999999999873e+02
5.885380000000000109e+02 1.673129999999999882e+02 5.081680000000000064e+02 1.161560000000000059e+02
5.890009999999999764e+02 1.817839999999999918e+02 4.970070000000000050e+02 1.077030000000000030e+02
5.893859999999999673e+02 3.902309999999999945e+02 4.914259999999999877e+02 3.680120000000000005e+02
5.899930000000000518e+02 3.737810000000000059e+02 4.942090000000000032e+02 3.485009999999999764e+02
5.907140000000000555e+02 2.686639999999999873e+02 4.562289999999999850e+02 1.246650000000000063e+02
5.935549999999999500e+02 3.168899999999999864e+02 4.562289999999999850e+02 1.246650000000000063e+02
5.960040000000000191e+02 3.389110000000000014e+02 6.428959999999999582e+02 3.189200000000000159e+02
5.960789999999999509e+02 2.503360000000000127e+02 1.879749999999999943e+02 2.533859999999999957e+02
5.970199999999999818e+02 1.543379999999999939e+02 5.203819999999999482e+02 1.035340000000000060e+02
5.975220000000000482e+02 2.354379999999999882e+02 5.143479999999999563e+02 1.938820000000000050e+02
5.980180000000000291e+02 3.144540000000000077e+02 5.098840000000000146e+02 2.813729999999999905e+02
5.980380000000000109e+02 3.195230000000000246e+02 5.088319999999999936e+02 2.895799999999999841e+02
6.002559999999999718e+02 1.705689999999999884e+02 5.240109999999999673e+02 1.213539999999999992e+02
6.021710000000000491e+02 3.073120000000000118e+02 5.162039999999999509e+02 2.726730000000000018e+02
6.048500000000000227e+02 3.317110000000000127e+02 5.175099999999999909e+02 3.040720000000000027e+02
6.066090000000000373e+02 2.052009999999999934e+02 5.294619999999999891e+02 1.610589999999999975e+02
6.087970000000000255e+02 2.640500000000000114e+02 5.279560000000000173e+02 2.282079999999999984e+02
6.109220000000000255e+02 2.902459999999999809e+02 3.376700000000000301e+01 5.315729999999999791e+02
6.129869999999999663e+02 3.183609999999999900e+02 5.290919999999999845e+02 2.884230000000000018e+02
6.130109999999999673e+02 4.332099999999999795e+02 5.175220000000000482e+02 4.183670000000000186e+02
6.132160000000000082e+02 2.879440000000000168e+02 5.317450000000000045e+02 2.547270000000000039e+02
6.133540000000000418e+02 3.238960000000000150e+02 5.292369999999999663e+02 2.956700000000000159e+02
6.154959999999999809e+02 4.118360000000000127e+02 5.248469999999999800e+02 3.941800000000000068e+02
6.168579999999999472e+02 3.324870000000000232e+02 5.329420000000000073e+02 3.044470000000000027e+02
6.182409999999999854e+02 4.031379999999999768e+02 5.283830000000000382e+02 3.843740000000000236e+02
6.229880000000000564e+02 3.763629999999999995e+02 5.374420000000000073e+02 3.542219999999999800e+02
6.252129999999999654e+02 3.730470000000000255e+02 5.409279999999999973e+02 3.510450000000000159e+02
6.252129999999999654e+02 3.730470000000000255e+02 5.409279999999999973e+02 3.510450000000000159e+02
6.301839999999999691e+02 3.921490000000000009e+02 5.460320000000000391e+02 3.725670000000000073e+02
6.324980000000000473e+02 3.385889999999999986e+02 5.530769999999999982e+02 3.128299999999999841e+02
6.330059999999999718e+02 4.166080000000000041e+02 5.492490000000000236e+02 4.001109999999999900e+02
6.340080000000000382e+02 2.053329999999999984e+02 5.660560000000000400e+02 1.644410000000000025e+02
6.345099999999999909e+02 2.388269999999999982e+02 5.633830000000000382e+02 2.019799999999999898e+02
6.368550000000000182e+02 1.732909999999999968e+02 5.713229999999999791e+02 1.288700000000000045e+02
6.371530000000000200e+02 2.029629999999999939e+02 5.942340000000000373e+02 1.752589999999999861e+02
6.376119999999999663e+02 2.225819999999999936e+02 5.685919999999999845e+02 1.836610000000000014e+02
6.385689999999999600e+02 1.990320000000000107e+02 5.961910000000000309e+02 1.711750000000000114e+02
6.393669999999999618e+02 4.746229999999999905e+02 4.921170000000000186e+02 4.363269999999999982e+02
6.404750000000000227e+02 4.172330000000000041e+02 5.572150000000000318e+02 4.012090000000000032e+02
6.411130000000000564e+02 4.133519999999999754e+02 5.583120000000000118e+02 3.966419999999999959e+02
6.436689999999999827e+02 3.322239999999999895e+02 5.681109999999999900e+02 3.059769999999999754e+02
6.438740000000000236e+02 2.482110000000000127e+02 5.753630000000000564e+02 2.133400000000000034e+02
6.442490000000000236e+02 3.570090000000000146e+02 5.671559999999999491e+02 3.339340000000000259e+02
6.452680000000000291e+02 3.514750000000000227e+02 5.688709999999999809e+02 3.276770000000000209e+02
6.453220000000000027e+02 4.470710000000000264e+02 2.615530000000000044e+01 2.043559999999999945e+02
6.454299999999999500e+02 2.325550000000000068e+02 5.781779999999999973e+02 1.954439999999999884e+02
6.457229999999999563e+02 1.945850000000000080e+02 5.811929999999999836e+02 1.531229999999999905e+02
6.472110000000000127e+02 2.065929999999999893e+02 5.822749999999999773e+02 1.671119999999999948e+02
6.479049999999999727e+02 2.152019999999999982e+02 5.827409999999999854e+02 1.768899999999999864e+02
6.485819999999999936e+02 3.267010000000000218e+02 5.757590000000000146e+02 2.997119999999999891e+02
6.486090000000000373e+02 2.220819999999999936e+02 5.830570000000000164e+02 1.842880000000000109e+02
6.486950000000000500e+02 2.976429999999999723e+02 6.246839999999999691e+02 2.843039999999999736e+02
6.486950000000000500e+02 2.976429999999999723e+02 5.776309999999999718e+02 2.681220000000000141e+02
6.489880000000000564e+02 2.925790000000000077e+02 3.047149999999999750e+02 2.145120000000000005e+02
6.504030000000000200e+02 3.576200000000000045e+02 5.751169999999999618e+02 3.356299999999999955e+02
6.550599999999999454e+02 3.035339999999999918e+02 6.090249999999999773e+02 2.833220000000000027e+02
6.553189999999999600e+02 2.859420000000000073e+02 5.873289999999999509e+02 2.563829999999999814e+02
6.553189999999999600e+02 2.859420000000000073e+02 5.873289999999999509e+02 2.563829999999999814e+02
6.553379999999999654e+02 2.528710000000000093e+02 5.894539999999999509e+02 2.193429999999999893e+02
6.560349999999999682e+02 3.428210000000000264e+02 5.834279999999999973e+02 3.189049999999999727e+02
6.569719999999999800e+02 2.133509999999999991e+02 5.942340000000000373e+02 1.752589999999999861e+02
6.592980000000000018e+02 2.328389999999999986e+02 5.949690000000000509e+02 1.967880000000000109e+02
6.594539999999999509e+02 3.328149999999999977e+02 5.887699999999999818e+02 3.085040000000000191e+02
6.602069999999999936e+02 3.413750000000000000e+02 5.887770000000000437e+02 3.176960000000000264e+02
6.605750000000000455e+02 2.365269999999999868e+02 5.971309999999999718e+02 2.015699999999999932e+02
6.620410000000000537e+02 1.876649999999999920e+02 6.022989999999999782e+02 1.471980000000000075e+02
6.622549999999999955e+02 2.730369999999999777e+02 5.964239999999999782e+02 2.409859999999999900e+02
6.635800000000000409e+02 2.509960000000000093e+02 5.997440000000000282e+02 2.175279999999999916e+02
6.637799999999999727e+02 1.935000000000000000e+02 6.041739999999999782e+02 1.543220000000000027e+02
6.638390000000000555e+02 2.348110000000000070e+02 6.012000000000000455e+02 2.000279999999999916e+02
6.644389999999999645e+02 5.006800000000000068e+02 4.269320000000000164e+02 5.068509999999999991e+02
6.659189999999999827e+02 2.998009999999999877e+02 5.994120000000000346e+02 2.719460000000000264e+02
6.659950000000000045e+02 2.170660000000000025e+02 6.053719999999999573e+02 1.807019999999999982e+02
6.666119999999999663e+02 2.250089999999999861e+02 5.827409999999999854e+02 1.768899999999999864e+02
6.670710000000000264e+02 2.918980000000000246e+02 6.016409999999999627e+02 2.630570000000000164e+02
6.688390000000000555e+02 2.426289999999999907e+02 6.070399999999999636e+02 2.083319999999999936e+02
6.690829999999999700e+02 5.790099999999999909e+02 5.268029999999999973e+02 5.773590000000000373e+02
6.694529999999999745e+02 2.895609999999999786e+02 6.044740000000000464e+02 2.606030000000000086e+02
6.701749999999999545e+02 2.546510000000000105e+02 5.846970000000000027e+02 2.101220000000000141e+02
6.701749999999999545e+02 2.546510000000000105e+02 6.071319999999999482e+02 2.217920000000000016e+02
6.706559999999999491e+02 2.626909999999999741e+02 6.222619999999999436e+02 2.917049999999999841e+02
6.706559999999999491e+02 2.626909999999999741e+02 6.079389999999999645e+02 2.324720000000000084e+02
6.739249999999999545e+02 2.037429999999999950e+02 6.850289999999999964e+02 3.313430000000000177e+02
6.739249999999999545e+02 2.037429999999999950e+02 6.196230000000000473e+02 1.686030000000000086e+02
6.742369999999999663e+02 2.914359999999999786e+02 6.107300000000000182e+02 2.637860000000000014e+02
6.787690000000000055e+02 3.068149999999999977e+02 6.150109999999999673e+02 2.802119999999999891e+02
6.791440000000000055e+02 2.001359999999999957e+02 6.227920000000000300e+02 1.631779999999999973e+02
6.795389999999999873e+02 3.445819999999999936e+02 6.130480000000000018e+02 3.221000000000000227e+02
6.806150000000000091e+02 3.345489999999999782e+02 6.150349999999999682e+02 3.105339999999999918e+02
6.810890000000000555e+02 2.826870000000000118e+02 6.196849999999999454e+02 2.558669999999999902e+02
6.815660000000000309e+02 2.130310000000000059e+02 6.250230000000000246e+02 1.773950000000000102e+02
6.826549999999999727e+02 2.330159999999999911e+02 5.964239999999999782e+02 2.409859999999999900e+02
6.839020000000000437e+02 3.040419999999999732e+02 6.215259999999999536e+02 2.773840000000000146e+02
6.839020000000000437e+02 3.040419999999999732e+02 6.215259999999999536e+02 2.773840000000000146e+02
6.846979999999999791e+02 2.474230000000000018e+02 6.268250000000000455e+02 2.158290000000000077e+02
6.851259999999999764e+02 3.159850000000000136e+02 6.222619999999999436e+02 2.917049999999999841e+02
6.851280000000000427e+02 3.160969999999999800e+02 6.222619999999999436e+02 2.917049999999999841e+02
6.851280000000000427e+02 3.160969999999999800e+02 6.222619999999999436e+02 2.917049999999999841e+02
6.854400000000000546e+02 2.997250000000000227e+02 6.237920000000000300e+02 2.730129999999999768e+02
6.865190000000000055e+02 3.098090000000000259e+02 6.246839999999999691e+02 2.843039999999999736e+02
6.870009999999999764e+02 2.618999999999999773e+02 6.281689999999999827e+02 2.311750000000000114e+02
6.875159999999999627e+02 3.370899999999999750e+02 6.231470000000000482e+02 3.121209999999999809e+02
6.880130000000000337e+02 2.694920000000000186e+02 6.290529999999999973e+02 2.408460000000000036e+02
6.880130000000000337e+02 2.694920000000000186e+02 6.290529999999999973e+02 2.408460000000000036e+02
6.902200000000000273e+02 2.887490000000000236e+02 6.304579999999999700e+02 2.613079999999999927e+02
6.931539999999999964e+02 3.161630000000000109e+02 6.321670000000000300e+02 2.918550000000000182e+02
6.940850000000000364e+02 3.351370000000000005e+02 6.312799999999999727e+02 3.121820000000000164e+02
6.944980000000000473e+02 3.306870000000000118e+02 6.327740000000000009e+02 3.072210000000000036e+02
6.959230000000000018e+02 3.488070000000000164e+02 6.325320000000000391e+02 3.276890000000000214e+02
7.011749999999999545e+02 3.347389999999999759e+02 6.409130000000000109e+02 3.115470000000000255e+02
7.091240000000000236e+02 3.364950000000000045e+02 7.154519999999999982e+02 3.539060000000000059e+02
7.102340000000000373e+02 4.929809999999999945e+02 1.963789999999999907e+02 4.580099999999999909e+02
7.107140000000000555e+02 5.628559999999999945e+02 5.268029999999999973e+02 5.773590000000000373e+02
7.156380000000000337e+02 3.446709999999999923e+02 7.428350000000000364e+02 3.551519999999999868e+02
7.161259999999999764e+02 3.483290000000000077e+02 6.903869999999999436e+02 3.355919999999999845e+02
7.199959999999999809e+02 3.495199999999999818e+02 6.942029999999999745e+02 3.365450000000000159e+02
7.204270000000000209e+02 4.323890000000000100e+02 5.195130000000000337e+02 3.622330000000000041e+02
7.575249999999999773e+02 5.529439999999999600e+02 4.916440000000000055e+02 3.275360000000000014e+02
7.780890000000000555e+02 5.949769999999999754e+02 7.782459999999999809e+02 5.949160000000000537e+02
7.801699999999999591e+02 3.632180000000000177e+02 7.564339999999999691e+02 3.520570000000000164e+02
7.858840000000000146e+02 3.641379999999999768e+02 7.829160000000000537e+02 3.541789999999999736e+02
7.918479999999999563e+02 3.052520000000000095e+02 7.918479999999999563e+02 3.052520000000000095e+02
7.928509999999999991e+02 2.543029999999999973e+02 7.938519999999999754e+02 2.182940000000000111e+02
7.938640000000000327e+02 2.182709999999999866e+02 7.918479999999999563e+02 3.052520000000000095e+02
7.939249999999999545e+02 5.281499999999999773e+02 7.939410000000000309e+02 5.281639999999999873e+02
7.947569999999999482e+02 5.920620000000000118e+02 7.945879999999999654e+02 5.919529999999999745e+02
7.947569999999999482e+02 5.920620000000000118e+02 7.945879999999999654e+02 5.919529999999999745e+02
