3.630250000000000199e+01 1.704079999999999870e+02 1.029860000000000042e+01 1.502620000000000005e+02
3.709629999999999939e+01 1.670920000000000130e+02 1.096230000000000082e+01 1.468180000000000121e+02
4.220470000000000255e+01 2.008509999999999991e+02 1.936659999999999826e+01 1.830840000000000032e+02
4.288949999999999818e+01 1.702800000000000011e+02 1.762020000000000053e+01 1.504410000000000025e+02
4.348669999999999902e+01 1.911310000000000002e+02 1.958800000000000097e+01 1.726990000000000123e+02
4.788750000000000284e+01 1.962019999999999982e+02 2.426099999999999923e+01 1.781920000000000073e+02
4.933599999999999852e+01 2.033360000000000127e+02 2.628419999999999845e+01 1.859859999999999900e+02
4.960840000000000316e+01 5.427100000000000364e+02 2.203600000000000136e+02 5.159170000000000300e+02
5.678600000000000136e+01 2.024130000000000109e+02 3.429919999999999902e+01 1.849470000000000027e+02
5.735759999999999792e+01 5.949400000000000546e+02 5.782000000000000455e+02 5.898690000000000282e+02
5.747910000000000252e+01 1.991020000000000039e+02 3.460049999999999670e+01 1.813220000000000027e+02
6.035589999999999833e+01 2.222019999999999982e+02 3.308260000000000218e+02 1.428890000000000100e+02
6.042629999999999768e+01 1.988859999999999957e+02 3.892060000000000031e+01 1.816289999999999907e+02
6.059810000000000230e+01 2.610720000000000027e+02 3.764670000000000272e+01 2.451279999999999859e+02
6.482089999999999463e+01 1.913909999999999911e+02 4.242519999999999669e+01 1.731500000000000057e+02
6.536660000000000537e+01 2.028420000000000130e+02 4.413340000000000174e+01 1.853700000000000045e+02
6.583549999999999613e+01 1.978120000000000118e+02 4.361639999999999873e+01 1.800639999999999930e+02
6.583549999999999613e+01 1.978120000000000118e+02 4.361639999999999873e+01 1.800639999999999930e+02
6.916509999999999536e+01 2.530209999999999866e+02 4.894330000000000069e+01 2.378040000000000020e+02
6.974200000000000443e+01 5.383339999999999463e+02 1.589410000000000025e+02 5.285339999999999918e+02
7.350730000000000075e+01 5.385339999999999918e+02 5.344930000000000518e+02 2.720559999999999832e+02
8.228600000000000136e+01 2.386469999999999914e+02 5.910479999999999734e+01 2.218710000000000093e+02
8.396269999999999811e+01 2.320960000000000036e+02 6.119019999999999726e+01 2.152119999999999891e+02
8.800020000000000664e+01 2.473019999999999925e+02 6.485529999999999973e+01 2.310329999999999870e+02
8.834180000000000632e+01 5.928540000000000418e+02 5.782000000000000455e+02 5.898690000000000282e+02
8.987770000000000437e+01 2.397880000000000109e+02 6.753740000000000521e+01 2.233009999999999877e+02
8.987770000000000437e+01 2.397880000000000109e+02 6.753740000000000521e+01 2.233009999999999877e+02
1.124320000000000022e+02 5.918569999999999709e+02 5.782000000000000455e+02 5.898690000000000282e+02
1.403429999999999893e+02 2.642230000000000132e+02 1.063379999999999939e+02 2.491649999999999920e+02
1.409410000000000025e+02 5.240810000000000173e+02 3.376700000000000301e+01 5.315729999999999791e+02
1.466959999999999980e+02 5.869719999999999800e+02 4.731329999999999814e+02 5.877609999999999673e+02
1.532199999999999989e+02 5.908519999999999754e+02 5.782000000000000455e+02 5.898690000000000282e+02
1.724120000000000061e+02 5.858400000000000318e+02 2.701150000000000091e+02 5.869329999999999927e+02
1.843689999999999998e+02 3.386229999999999905e+02 1.371910000000000025e+02 3.203509999999999991e+02
1.890589999999999975e+02 3.685570000000000164e+02 1.630829999999999984e+02 3.455299999999999727e+02
1.906200000000000045e+02 2.799010000000000105e+02 1.449660000000000082e+02 2.578980000000000246e+02
1.915860000000000127e+02 3.418330000000000268e+02 1.424830000000000041e+02 3.238229999999999791e+02
1.922649999999999864e+02 4.515740000000000123e+02 9.373369999999999891e+01 4.431720000000000255e+02
1.930449999999999875e+02 5.264550000000000409e+02 1.963789999999999907e+02 4.580099999999999909e+02
1.959159999999999968e+02 2.881949999999999932e+02 1.487560000000000002e+02 2.654669999999999845e+02
1.959159999999999968e+02 2.881949999999999932e+02 1.487560000000000002e+02 2.654669999999999845e+02
1.968189999999999884e+02 3.215029999999999859e+02 1.479879999999999995e+02 3.021580000000000155e+02
2.002179999999999893e+02 4.490249999999999773e+02 6.409130000000000109e+02 3.115470000000000255e+02
2.013009999999999877e+02 2.896650000000000205e+02 1.540639999999999930e+02 2.672149999999999750e+02
2.013429999999999893e+02 3.137640000000000100e+02 1.517669999999999959e+02 2.931440000000000055e+02
2.029379999999999882e+02 3.654019999999999868e+02 1.630829999999999984e+02 3.455299999999999727e+02
2.042410000000000139e+02 2.614049999999999727e+02 1.571469999999999914e+02 2.372520000000000095e+02
2.057199999999999989e+02 3.376960000000000264e+02 1.538189999999999884e+02 3.185629999999999882e+02
2.078979999999999961e+02 2.339250000000000114e+02 1.612599999999999909e+02 2.076800000000000068e+02
2.086419999999999959e+02 2.744750000000000227e+02 1.598460000000000036e+02 2.509629999999999939e+02
2.093290000000000077e+02 2.818290000000000077e+02 1.596129999999999995e+02 2.593960000000000150e+02
2.121399999999999864e+02 3.507250000000000227e+02 1.584650000000000034e+02 3.323829999999999814e+02
2.149590000000000032e+02 3.330380000000000109e+02 1.615430000000000064e+02 3.134739999999999895e+02
2.169530000000000030e+02 2.994449999999999932e+02 1.647390000000000043e+02 2.777559999999999718e+02
2.176390000000000100e+02 4.519230000000000018e+02 1.302019999999999982e+02 4.438919999999999959e+02
2.179029999999999916e+02 1.655560000000000116e+02 3.310419999999999732e+02 7.736620000000000630e+01
2.211500000000000057e+02 2.355629999999999882e+02 1.715939999999999941e+02 2.077959999999999923e+02
2.222110000000000127e+02 2.837590000000000146e+02 1.700130000000000052e+02 2.598020000000000209e+02
2.305020000000000095e+02 3.027869999999999777e+02 1.758389999999999986e+02 2.788050000000000068e+02
2.307359999999999900e+02 2.103720000000000141e+02 1.816409999999999911e+02 1.797700000000000102e+02
2.311349999999999909e+02 3.623039999999999736e+02 1.896709999999999923e+02 3.395500000000000114e+02
2.337930000000000064e+02 1.926630000000000109e+02 1.839050000000000011e+02 1.604350000000000023e+02
2.391949999999999932e+02 3.270450000000000159e+02 1.813350000000000080e+02 3.051750000000000114e+02
2.397729999999999961e+02 3.109529999999999745e+02 1.825790000000000077e+02 2.880439999999999827e+02
2.397729999999999961e+02 3.109529999999999745e+02 1.825790000000000077e+02 2.880439999999999827e+02
2.424579999999999984e+02 3.354440000000000168e+02 1.840109999999999957e+02 3.149529999999999745e+02
2.438460000000000036e+02 2.619879999999999995e+02 1.881579999999999870e+02 2.347760000000000105e+02
2.441140000000000043e+02 4.549019999999999868e+02 1.784269999999999925e+02 4.535020000000000095e+02
2.453040000000000020e+02 2.693639999999999759e+02 1.879749999999999943e+02 2.533859999999999957e+02
2.463319999999999936e+02 5.819719999999999800e+02 2.198880000000000052e+02 5.756040000000000418e+02
2.477270000000000039e+02 1.974610000000000127e+02 1.964540000000000077e+02 1.627549999999999955e+02
2.494339999999999975e+02 2.389420000000000073e+02 1.945120000000000005e+02 2.080740000000000123e+02
2.498770000000000095e+02 3.346019999999999754e+02 1.896529999999999916e+02 3.134929999999999950e+02
2.518110000000000070e+02 2.503710000000000093e+02 1.958269999999999982e+02 2.207150000000000034e+02
2.548019999999999925e+02 1.767390000000000043e+02 2.018919999999999959e+02 1.405989999999999895e+02
2.587389999999999759e+02 3.914590000000000032e+02 1.939509999999999934e+02 3.761610000000000014e+02
2.618389999999999986e+02 2.657830000000000155e+02 2.032880000000000109e+02 2.366339999999999861e+02
2.618450000000000273e+02 3.623870000000000005e+02 1.979869999999999948e+02 3.433999999999999773e+02
2.619839999999999804e+02 3.951499999999999773e+02 1.956800000000000068e+02 3.812850000000000250e+02
2.622970000000000255e+02 2.390970000000000084e+02 2.045869999999999891e+02 2.090159999999999911e+02
2.624399999999999977e+02 5.099599999999999795e+02 3.376700000000000301e+01 5.315729999999999791e+02
2.630609999999999786e+02 4.558450000000000273e+02 1.670140000000000100e+02 4.483740000000000236e+02
2.637620000000000005e+02 3.338709999999999809e+02 2.013220000000000027e+02 3.170640000000000214e+02
2.657479999999999905e+02 3.155699999999999932e+02 2.040620000000000118e+02 2.929639999999999986e+02
2.672970000000000255e+02 2.408669999999999902e+02 2.089230000000000018e+02 2.089739999999999895e+02
2.679800000000000182e+02 2.620260000000000105e+02 2.079600000000000080e+02 2.329470000000000027e+02
2.703759999999999764e+02 4.630769999999999982e+02 1.302019999999999982e+02 4.438919999999999959e+02
2.705169999999999959e+02 5.098999999999999773e+02 3.376700000000000301e+01 5.315729999999999791e+02
2.706730000000000018e+02 2.451519999999999868e+02 2.116250000000000000e+02 2.131030000000000086e+02
2.726229999999999905e+02 4.596070000000000277e+02 1.784269999999999925e+02 4.535020000000000095e+02
2.726379999999999768e+02 2.350399999999999920e+02 2.138199999999999932e+02 2.022729999999999961e+02
2.729889999999999759e+02 2.853020000000000209e+02 2.113439999999999941e+02 2.574680000000000177e+02
2.732200000000000273e+02 2.758809999999999718e+02 2.122909999999999968e+02 2.474939999999999998e+02
2.734610000000000127e+02 2.253689999999999998e+02 2.149780000000000086e+02 1.910840000000000032e+02
2.737210000000000036e+02 2.698940000000000055e+02 2.131570000000000107e+02 2.403959999999999866e+02
2.745860000000000127e+02 1.559919999999999902e+02 2.194410000000000025e+02 1.144609999999999985e+02
2.746070000000000277e+02 1.844159999999999968e+02 2.149780000000000086e+02 1.910840000000000032e+02
2.751490000000000009e+02 3.066990000000000123e+02 2.139929999999999950e+02 2.817459999999999809e+02
2.751490000000000009e+02 3.066990000000000123e+02 2.139929999999999950e+02 2.817459999999999809e+02
2.782200000000000273e+02 4.604569999999999936e+02 2.251189999999999998e+02 5.061150000000000091e+02
2.788340000000000032e+02 2.264209999999999923e+02 2.199180000000000064e+02 1.921220000000000141e+02
2.829449999999999932e+02 1.808849999999999909e+02 2.243890000000000100e+02 1.429240000000000066e+02
2.836720000000000255e+02 1.598830000000000098e+02 2.266699999999999875e+02 1.184300000000000068e+02
2.841329999999999814e+02 3.095790000000000077e+02 2.245620000000000118e+02 2.853269999999999982e+02
2.841949999999999932e+02 1.559269999999999925e+02 2.278060000000000116e+02 1.139699999999999989e+02
2.849630000000000223e+02 3.841519999999999868e+02 2.234110000000000014e+02 3.689379999999999882e+02
2.887599999999999909e+02 3.168140000000000214e+02 2.299110000000000014e+02 2.934119999999999777e+02
2.887599999999999909e+02 3.168140000000000214e+02 2.299110000000000014e+02 2.934119999999999777e+02
2.899449999999999932e+02 2.366920000000000073e+02 2.332959999999999923e+02 2.040560000000000116e+02
2.906580000000000155e+02 2.094859999999999900e+02 2.349060000000000059e+02 1.740219999999999914e+02
2.906580000000000155e+02 2.094859999999999900e+02 2.349060000000000059e+02 1.740219999999999914e+02
2.910690000000000168e+02 5.822500000000000000e+02 7.196970000000000027e+02 5.854370000000000118e+02
2.913469999999999800e+02 5.180090000000000146e+02 1.008769999999999953e+02 5.315059999999999718e+02
2.933840000000000146e+02 1.389110000000000014e+02 2.597939999999999827e+02 9.655159999999999343e+01
2.943170000000000073e+02 2.814800000000000182e+02 2.375360000000000014e+02 2.541649999999999920e+02
2.951209999999999809e+02 1.375269999999999868e+02 2.597939999999999827e+02 9.655159999999999343e+01
2.975529999999999973e+02 2.667909999999999968e+02 2.418100000000000023e+02 2.381239999999999952e+02
3.014529999999999745e+02 1.780459999999999923e+02 2.485569999999999879e+02 1.393919999999999959e+02
3.014529999999999745e+02 1.780459999999999923e+02 2.485569999999999879e+02 1.393919999999999959e+02
3.035679999999999836e+02 2.872210000000000036e+02 2.482290000000000134e+02 2.607830000000000155e+02
3.089499999999999886e+02 2.333930000000000007e+02 2.561349999999999909e+02 2.012059999999999889e+02
3.101789999999999736e+02 1.991920000000000073e+02 2.585969999999999800e+02 1.634720000000000084e+02
3.121850000000000023e+02 1.781870000000000118e+02 2.615450000000000159e+02 1.403629999999999995e+02
3.130470000000000255e+02 2.159499999999999886e+02 2.615670000000000073e+02 1.819039999999999964e+02
3.131800000000000068e+02 2.370989999999999895e+02 2.609460000000000264e+02 2.053720000000000141e+02
3.150380000000000109e+02 1.493899999999999864e+02 2.775389999999999873e+02 1.135660000000000025e+02
3.173330000000000268e+02 2.180289999999999964e+02 2.666460000000000150e+02 1.844579999999999984e+02
3.198729999999999905e+02 2.008439999999999941e+02 2.703020000000000209e+02 1.658439999999999941e+02
3.209060000000000059e+02 4.661539999999999964e+02 2.191380000000000052e+02 4.631209999999999809e+02
3.214039999999999964e+02 2.147249999999999943e+02 2.717740000000000009e+02 1.821750000000000114e+02
3.228849999999999909e+02 1.526419999999999959e+02 2.854019999999999868e+02 1.169369999999999976e+02
3.258759999999999764e+02 2.348669999999999902e+02 2.761650000000000205e+02 2.035999999999999943e+02
3.270889999999999986e+02 2.236140000000000043e+02 2.781720000000000255e+02 1.909790000000000134e+02
3.297440000000000282e+02 1.852630000000000052e+02 2.822690000000000055e+02 1.487959999999999923e+02
3.300439999999999827e+02 2.518319999999999936e+02 3.063020000000000209e+02 2.015540000000000020e+02
3.393290000000000077e+02 5.100450000000000159e+02 1.589410000000000025e+02 5.285339999999999918e+02
3.428790000000000191e+02 1.274180000000000064e+02 2.808740000000000236e+02 1.007199999999999989e+02
3.432180000000000177e+02 5.786109999999999900e+02 1.715610000000000070e+02 5.841480000000000246e+02
3.450649999999999977e+02 1.645229999999999961e+02 2.768580000000000041e+02 2.338650000000000091e+02
3.471100000000000136e+02 1.621999999999999886e+02 2.854019999999999868e+02 1.169369999999999976e+02
3.478179999999999836e+02 4.006009999999999991e+02 6.936000000000000227e+02 4.517149999999999750e+02
3.493750000000000000e+02 2.623260000000000218e+02 5.092160000000000082e+02 2.433340000000000032e+02
3.498369999999999891e+02 1.980989999999999895e+02 3.055520000000000209e+02 1.637299999999999898e+02
3.508870000000000005e+02 2.320869999999999891e+02 3.063020000000000209e+02 2.015540000000000020e+02
3.512280000000000086e+02 5.091949999999999932e+02 1.589410000000000025e+02 5.285339999999999918e+02
3.518399999999999750e+02 5.108070000000000164e+02 1.589410000000000025e+02 5.285339999999999918e+02
3.532080000000000268e+02 4.521680000000000064e+02 2.369499999999999886e+02 4.461949999999999932e+02
3.536109999999999900e+02 2.401009999999999991e+02 7.245270000000000437e+02 5.289120000000000346e+02
3.537040000000000077e+02 2.304569999999999936e+02 3.094370000000000118e+02 1.995029999999999859e+02
3.588129999999999882e+02 1.958760000000000048e+02 3.164470000000000027e+02 1.619019999999999868e+02
3.592010000000000218e+02 2.433489999999999895e+02 3.159519999999999982e+02 2.141889999999999930e+02
3.620020000000000095e+02 2.459230000000000018e+02 3.191700000000000159e+02 2.171260000000000048e+02
3.633120000000000118e+02 4.577219999999999800e+02 4.644119999999999777e+02 3.483220000000000027e+02
3.645210000000000150e+02 1.691649999999999920e+02 3.273840000000000146e+02 1.339219999999999970e+02
3.689470000000000027e+02 1.924499999999999886e+02 3.287029999999999745e+02 1.583640000000000043e+02
3.709259999999999877e+02 1.785099999999999909e+02 3.308260000000000218e+02 1.428890000000000100e+02
3.750049999999999955e+02 1.633899999999999864e+02 3.381560000000000059e+02 1.275739999999999981e+02
3.758419999999999845e+02 2.008609999999999900e+02 3.366209999999999809e+02 1.680349999999999966e+02
3.807730000000000246e+02 1.352709999999999866e+02 3.444789999999999850e+02 9.656080000000000041e+01
3.832549999999999955e+02 1.936399999999999864e+02 3.466220000000000141e+02 1.615269999999999868e+02
3.893519999999999754e+02 1.783799999999999955e+02 3.531700000000000159e+02 1.441059999999999945e+02
3.893519999999999754e+02 1.783799999999999955e+02 3.531700000000000159e+02 1.441059999999999945e+02
3.925880000000000223e+02 1.081059999999999945e+02 3.580020000000000095e+02 6.701949999999999363e+01
3.974789999999999850e+02 4.903750000000000000e+02 2.434699999999999989e+02 5.019470000000000027e+02
4.060869999999999891e+02 1.246340000000000003e+02 3.707339999999999804e+02 8.398290000000000077e+01
4.072210000000000036e+02 3.109399999999999977e+02 7.205560000000000400e+02 3.713700000000000045e+02
4.272479999999999905e+02 4.308779999999999859e+02 3.926730000000000018e+02 4.230819999999999936e+02
4.290609999999999786e+02 1.713000000000000114e+02 3.955120000000000005e+02 1.347899999999999920e+02
4.296759999999999877e+02 1.599670000000000130e+02 3.950760000000000218e+02 1.227530000000000001e+02
4.307760000000000105e+02 4.270210000000000150e+02 3.971920000000000073e+02 4.194110000000000014e+02
4.319739999999999895e+02 4.758720000000000141e+02 2.882959999999999923e+02 4.831340000000000146e+02
4.320760000000000218e+02 1.270750000000000028e+02 3.996259999999999764e+02 8.554179999999999495e+01
4.325369999999999777e+02 4.313310000000000173e+02 3.989420000000000073e+02 4.237400000000000091e+02
4.339289999999999736e+02 4.241190000000000282e+02 4.005899999999999750e+02 4.158980000000000246e+02
4.393190000000000168e+02 1.463100000000000023e+02 4.058729999999999905e+02 1.081989999999999981e+02
4.410620000000000118e+02 1.144110000000000014e+02 4.095110000000000241e+02 7.140309999999999491e+01
4.418360000000000127e+02 4.919239999999999782e+02 4.275049999999999955e+02 4.940810000000000173e+02
4.451139999999999759e+02 9.309569999999999368e+01 4.140029999999999859e+02 4.744089999999999918e+01
4.475799999999999841e+02 2.718310000000000173e+02 4.127440000000000282e+02 2.446769999999999925e+02
4.476429999999999723e+02 2.644209999999999923e+02 4.129139999999999873e+02 2.384149999999999920e+02
4.492490000000000236e+02 1.547909999999999968e+02 4.172549999999999955e+02 1.154000000000000057e+02
4.497259999999999991e+02 1.294000000000000057e+02 4.182149999999999750e+02 8.828459999999999752e+01
4.499750000000000227e+02 1.781090000000000089e+02 4.173149999999999977e+02 1.416289999999999907e+02
4.500219999999999914e+02 4.933670000000000186e+02 3.171469999999999914e+02 5.076850000000000023e+02
4.500219999999999914e+02 4.933670000000000186e+02 3.171469999999999914e+02 5.076850000000000023e+02
4.504569999999999936e+02 1.198649999999999949e+02 4.190910000000000082e+02 7.758480000000000132e+01
4.508720000000000141e+02 1.766819999999999879e+02 4.188170000000000073e+02 1.392079999999999984e+02
4.543469999999999800e+02 1.589879999999999995e+02 4.226490000000000009e+02 1.196129999999999995e+02
4.545459999999999923e+02 1.239579999999999984e+02 4.239150000000000205e+02 8.137330000000000041e+01
4.553770000000000095e+02 4.959540000000000077e+02 3.259859999999999900e+02 5.112300000000000182e+02
4.564270000000000209e+02 2.568129999999999882e+02 4.229159999999999968e+02 2.287059999999999889e+02
4.565769999999999982e+02 1.617419999999999902e+02 4.250350000000000250e+02 1.231080000000000041e+02
4.566619999999999777e+02 1.293770000000000095e+02 4.240330000000000155e+02 1.649739999999999895e+02
4.566829999999999927e+02 1.563480000000000132e+02 4.257130000000000223e+02 1.173619999999999948e+02
4.573539999999999850e+02 1.442470000000000141e+02 4.265779999999999745e+02 1.044779999999999944e+02
4.593050000000000068e+02 3.062200000000000273e+02 4.253170000000000073e+02 2.840350000000000250e+02
4.595969999999999800e+02 4.918489999999999895e+02 3.326070000000000277e+02 5.054130000000000109e+02
4.597099999999999795e+02 1.261020000000000039e+02 4.299399999999999977e+02 8.399540000000000362e+01
4.598279999999999745e+02 9.350830000000000553e+01 4.305679999999999836e+02 4.771309999999999718e+01
4.609150000000000205e+02 3.991510000000000105e+02 4.440120000000000005e+02 3.895210000000000150e+02
4.609150000000000205e+02 3.991510000000000105e+02 4.440120000000000005e+02 3.895210000000000150e+02
4.619350000000000023e+02 3.049329999999999927e+02 4.303220000000000027e+02 2.080430000000000064e+02
4.619789999999999850e+02 2.594230000000000018e+02 4.276270000000000095e+02 3.073140000000000214e+02
4.619950000000000045e+02 1.792930000000000064e+02 4.483460000000000036e+02 1.504799999999999898e+02
4.620450000000000159e+02 3.268929999999999723e+02 4.276270000000000095e+02 3.073140000000000214e+02
4.624719999999999800e+02 3.096680000000000064e+02 4.281100000000000136e+02 2.872389999999999759e+02
4.626410000000000196e+02 2.379050000000000011e+02 4.303220000000000027e+02 2.080430000000000064e+02
4.635319999999999823e+02 5.007450000000000045e+02 3.384329999999999927e+02 5.170289999999999964e+02
4.641259999999999764e+02 1.634739999999999895e+02 4.334850000000000136e+02 1.246919999999999931e+02
4.666750000000000114e+02 2.064840000000000089e+02 4.363679999999999950e+02 1.746779999999999973e+02
4.696139999999999759e+02 1.617719999999999914e+02 4.411650000000000205e+02 1.239489999999999981e+02
4.720790000000000077e+02 1.988350000000000080e+02 4.434820000000000277e+02 1.654629999999999939e+02
4.723489999999999895e+02 2.779839999999999804e+02 4.419239999999999782e+02 2.559079999999999870e+02
4.723860000000000241e+02 3.114820000000000277e+02 4.303220000000000027e+02 2.080430000000000064e+02
4.737019999999999982e+02 1.540099999999999909e+02 4.489610000000000127e+02 1.166239999999999952e+02
4.749320000000000164e+02 3.313870000000000005e+02 1.603720000000000141e+02 5.236290000000000191e+02
4.778149999999999977e+02 2.078040000000000020e+02 4.511549999999999727e+02 1.777400000000000091e+02
4.780120000000000005e+02 2.427909999999999968e+02 4.506170000000000186e+02 2.130190000000000055e+02
4.781539999999999964e+02 5.908189999999999600e+02 5.782000000000000455e+02 5.898690000000000282e+02
4.781720000000000255e+02 1.037980000000000018e+02 4.521379999999999768e+02 6.050430000000000064e+01
4.804340000000000259e+02 1.242360000000000042e+02 4.543410000000000082e+02 8.551590000000000202e+01
4.811899999999999977e+02 3.114940000000000282e+02 4.549590000000000032e+02 2.428009999999999877e+02
4.814440000000000168e+02 2.054230000000000018e+02 4.575590000000000259e+02 1.738969999999999914e+02
4.831410000000000196e+02 1.382709999999999866e+02 4.587799999999999727e+02 9.989000000000000057e+01
4.831650000000000205e+02 1.750840000000000032e+02 4.580550000000000068e+02 1.394610000000000127e+02
4.831820000000000164e+02 2.054619999999999891e+02 4.575590000000000259e+02 1.738969999999999914e+02
4.839689999999999941e+02 2.866220000000000141e+02 4.563639999999999759e+02 2.632359999999999900e+02
4.842789999999999964e+02 1.694979999999999905e+02 4.590989999999999895e+02 1.341810000000000116e+02
4.848310000000000173e+02 2.455060000000000002e+02 4.578999999999999773e+02 2.181610000000000014e+02
4.849039999999999964e+02 2.381620000000000061e+02 4.583509999999999991e+02 2.102489999999999952e+02
4.849069999999999823e+02 2.721139999999999759e+02 4.577309999999999945e+02 2.474960000000000093e+02
4.851680000000000064e+02 2.815140000000000100e+02 4.580149999999999864e+02 2.584420000000000073e+02
4.854320000000000164e+02 1.248990000000000009e+02 4.608870000000000005e+02 8.609529999999999461e+01
4.859060000000000059e+02 2.345029999999999859e+02 4.590049999999999955e+02 2.071649999999999920e+02
4.863509999999999991e+02 1.410020000000000095e+02 4.601440000000000055e+02 2.445660000000000025e+02
4.867599999999999909e+02 2.078220000000000027e+02 4.601440000000000055e+02 2.445660000000000025e+02
4.873849999999999909e+02 2.489329999999999927e+02 4.603369999999999891e+02 2.216140000000000043e+02
4.873849999999999909e+02 2.489329999999999927e+02 4.603369999999999891e+02 2.216140000000000043e+02
4.873919999999999959e+02 2.695179999999999723e+02 4.601440000000000055e+02 2.445660000000000025e+02
4.874820000000000277e+02 1.096550000000000011e+02 4.633349999999999795e+02 6.739690000000000225e+01
4.882599999999999909e+02 3.129329999999999927e+02 4.602869999999999777e+02 2.926820000000000164e+02
4.884549999999999841e+02 3.748910000000000196e+02 4.595000000000000000e+02 3.623629999999999995e+02
4.890099999999999909e+02 3.802130000000000223e+02 4.593029999999999973e+02 3.675020000000000095e+02
4.894850000000000136e+02 1.860769999999999982e+02 4.640339999999999918e+02 1.522040000000000077e+02
4.899680000000000177e+02 1.727729999999999961e+02 4.645000000000000000e+02 1.377680000000000007e+02
4.909959999999999809e+02 2.834750000000000227e+02 4.645000000000000000e+02 1.377680000000000007e+02
4.911539999999999964e+02 3.369159999999999968e+02 4.625269999999999868e+02 3.194409999999999741e+02
4.924839999999999804e+02 1.439939999999999998e+02 4.683829999999999814e+02 1.056839999999999975e+02
4.929940000000000282e+02 1.910109999999999957e+02 4.679420000000000073e+02 1.575970000000000084e+02
4.931059999999999945e+02 2.102419999999999902e+02 4.683829999999999814e+02 1.056839999999999975e+02
4.937479999999999905e+02 1.139579999999999984e+02 4.706200000000000045e+02 7.235739999999999839e+01
4.940960000000000036e+02 3.143770000000000095e+02 4.664929999999999950e+02 2.943399999999999750e+02
4.950609999999999786e+02 3.811560000000000059e+02 4.662370000000000232e+02 3.686519999999999868e+02
4.950609999999999786e+02 3.811560000000000059e+02 4.662370000000000232e+02 3.686519999999999868e+02
4.953020000000000209e+02 4.039660000000000082e+02 4.660090000000000146e+02 3.940609999999999786e+02
4.964279999999999973e+02 2.086450000000000102e+02 4.710720000000000027e+02 2.448269999999999982e+02
4.971329999999999814e+02 2.694350000000000023e+02 4.710720000000000027e+02 2.448269999999999982e+02
4.977509999999999764e+02 1.579230000000000018e+02 4.724100000000000250e+02 1.195979999999999990e+02
4.977620000000000005e+02 3.201039999999999850e+02 2.149780000000000086e+02 1.910840000000000032e+02
4.985830000000000268e+02 1.159869999999999948e+02 4.754139999999999873e+02 7.499379999999999313e+01
4.988639999999999759e+02 2.005569999999999879e+02 4.744649999999999750e+02 1.684710000000000036e+02
4.990790000000000077e+02 1.315480000000000018e+02 4.756850000000000023e+02 9.178650000000000375e+01
4.991139999999999759e+02 4.017839999999999918e+02 4.705120000000000005e+02 3.914370000000000118e+02
4.994610000000000127e+02 2.603369999999999891e+02 4.734350000000000023e+02 2.344370000000000118e+02
4.995799999999999841e+02 2.185010000000000048e+02 4.744010000000000105e+02 1.886930000000000121e+02
4.999990000000000236e+02 1.787849999999999966e+02 4.759549999999999841e+02 1.437100000000000080e+02
5.002889999999999873e+02 1.689569999999999936e+02 4.769340000000000259e+02 1.321970000000000027e+02
5.004259999999999877e+02 2.876170000000000186e+02 4.744180000000000064e+02 2.645360000000000014e+02
5.005559999999999832e+02 2.357909999999999968e+02 4.753240000000000123e+02 2.073369999999999891e+02
5.006120000000000232e+02 3.518109999999999786e+02 4.731709999999999923e+02 3.358349999999999795e+02
5.010430000000000064e+02 1.936320000000000050e+02 4.770760000000000218e+02 1.603439999999999941e+02
5.014449999999999932e+02 3.571290000000000191e+02 4.740489999999999782e+02 3.418809999999999718e+02
5.016789999999999736e+02 3.460400000000000205e+02 4.741200000000000045e+02 3.292549999999999955e+02
5.018229999999999791e+02 2.825690000000000168e+02 4.763029999999999973e+02 2.585609999999999786e+02
5.018229999999999791e+02 2.825690000000000168e+02 4.763029999999999973e+02 2.585609999999999786e+02
5.020950000000000273e+02 3.666669999999999732e+02 4.740729999999999791e+02 3.527250000000000227e+02
5.022679999999999723e+02 3.756209999999999809e+02 4.744850000000000136e+02 3.624990000000000236e+02
5.069289999999999736e+02 1.901560000000000059e+02 4.830910000000000082e+02 1.563410000000000082e+02
5.108870000000000005e+02 2.261289999999999907e+02 4.868439999999999941e+02 1.957100000000000080e+02
5.110070000000000050e+02 1.441529999999999916e+02 4.882919999999999732e+02 1.048880000000000052e+02
5.113650000000000091e+02 1.786500000000000057e+02 4.880520000000000209e+02 1.428160000000000025e+02
5.114429999999999836e+02 1.978300000000000125e+02 4.875280000000000200e+02 1.643319999999999936e+02
5.115199999999999818e+02 1.917500000000000000e+02 4.878330000000000268e+02 1.575670000000000073e+02
5.116659999999999968e+02 2.074470000000000027e+02 4.878679999999999950e+02 1.751659999999999968e+02
5.118559999999999945e+02 1.859629999999999939e+02 4.882889999999999873e+02 1.512030000000000030e+02
5.119180000000000064e+02 2.146399999999999864e+02 4.878709999999999809e+02 1.831059999999999945e+02
5.125639999999999645e+02 2.038669999999999902e+02 4.888389999999999986e+02 1.709660000000000082e+02
5.125739999999999554e+02 2.415949999999999989e+02 4.880840000000000032e+02 2.129180000000000064e+02
5.126319999999999482e+02 3.135059999999999718e+02 4.942130000000000223e+02 2.930129999999999768e+02
5.126390000000000100e+02 2.308530000000000086e+02 4.882850000000000250e+02 2.010389999999999873e+02
5.127889999999999873e+02 2.629440000000000168e+02 4.876469999999999914e+02 2.366990000000000123e+02
5.128809999999999718e+02 2.475289999999999964e+02 4.882280000000000086e+02 2.195089999999999861e+02
5.132140000000000555e+02 2.581299999999999955e+02 4.883700000000000045e+02 2.314780000000000086e+02
5.132709999999999582e+02 2.748299999999999841e+02 4.879279999999999973e+02 2.500180000000000007e+02
5.134869999999999663e+02 2.914619999999999891e+02 4.880539999999999736e+02 2.686200000000000045e+02
5.135689999999999600e+02 3.006200000000000045e+02 4.878140000000000214e+02 2.786700000000000159e+02
5.137920000000000300e+02 3.308589999999999804e+02 4.872239999999999895e+02 3.123519999999999754e+02
5.137939999999999827e+02 2.961920000000000073e+02 4.880299999999999727e+02 2.739780000000000086e+02
5.138869999999999436e+02 3.417599999999999909e+02 4.869590000000000032e+02 3.239279999999999973e+02
5.140220000000000482e+02 1.418859999999999957e+02 4.916059999999999945e+02 1.020190000000000055e+02
5.140410000000000537e+02 1.502920000000000016e+02 4.914110000000000014e+02 1.113059999999999974e+02
5.141000000000000227e+02 3.103509999999999991e+02 4.883690000000000282e+02 2.891539999999999964e+02
5.141910000000000309e+02 3.233999999999999773e+02 4.878849999999999909e+02 3.042320000000000277e+02
5.143210000000000264e+02 3.381519999999999868e+02 4.878940000000000055e+02 3.204359999999999786e+02
5.144080000000000155e+02 1.605670000000000073e+02 4.915550000000000068e+02 1.228679999999999950e+02
5.144969999999999573e+02 3.055980000000000132e+02 4.888190000000000168e+02 2.841030000000000086e+02
5.145019999999999527e+02 3.329329999999999927e+02 4.881870000000000118e+02 3.149279999999999973e+02
5.146910000000000309e+02 2.067050000000000125e+02 4.911440000000000055e+02 1.743069999999999879e+02
5.147880000000000109e+02 3.667850000000000250e+02 4.871220000000000141e+02 3.521979999999999791e+02
5.149199999999999591e+02 2.156030000000000086e+02 4.911539999999999964e+02 1.841750000000000114e+02
5.151219999999999573e+02 2.121220000000000141e+02 4.914470000000000027e+02 1.800180000000000007e+02
5.153070000000000164e+02 1.808750000000000000e+02 4.921709999999999923e+02 1.452640000000000100e+02
5.153959999999999582e+02 3.613109999999999786e+02 4.882780000000000200e+02 3.460020000000000095e+02
5.154009999999999536e+02 3.863559999999999945e+02 2.712359999999999900e+02 2.351450000000000102e+02
5.154450000000000500e+02 2.373110000000000070e+02 4.912239999999999895e+02 2.082740000000000009e+02
5.155589999999999691e+02 2.550089999999999861e+02 4.910289999999999964e+02 2.142779999999999916e+02
5.155700000000000500e+02 2.427090000000000032e+02 4.910289999999999964e+02 2.142779999999999916e+02
5.158010000000000446e+02 2.613509999999999991e+02 4.910240000000000009e+02 2.349569999999999936e+02
5.158390000000000555e+02 2.649759999999999991e+02 4.909900000000000091e+02 2.390209999999999866e+02
5.161349999999999909e+02 2.685110000000000241e+02 4.913910000000000196e+02 2.429070000000000107e+02
5.169809999999999945e+02 3.213489999999999895e+02 4.911019999999999754e+02 3.014680000000000177e+02
5.170769999999999982e+02 3.283380000000000223e+02 4.911259999999999764e+02 3.098770000000000095e+02
5.170810000000000173e+02 2.416670000000000016e+02 4.932269999999999754e+02 2.125109999999999957e+02
5.171000000000000227e+02 3.158759999999999764e+02 4.914639999999999986e+02 2.957740000000000009e+02
5.171209999999999809e+02 2.544840000000000089e+02 4.942130000000000223e+02 2.930129999999999768e+02
5.171309999999999718e+02 4.939060000000000059e+02 4.269320000000000164e+02 5.068509999999999991e+02
5.173880000000000337e+02 3.400389999999999873e+02 4.910799999999999841e+02 3.220550000000000068e+02
5.178609999999999900e+02 3.444669999999999845e+02 4.916440000000000055e+02 3.275360000000000014e+02
5.181390000000000100e+02 3.887830000000000155e+02 4.908980000000000246e+02 3.770690000000000168e+02
5.183089999999999691e+02 3.227479999999999905e+02 4.927529999999999859e+02 3.035040000000000191e+02
5.183859999999999673e+02 3.807830000000000155e+02 4.914259999999999877e+02 3.680120000000000005e+02
5.185929999999999609e+02 1.452510000000000048e+02 4.970070000000000050e+02 1.077030000000000030e+02
5.190359999999999445e+02 3.650319999999999823e+02 4.919940000000000282e+02 3.175389999999999873e+02
5.193799999999999955e+02 3.134970000000000141e+02 4.942130000000000223e+02 2.930129999999999768e+02
5.214869999999999663e+02 2.503379999999999939e+02 4.982660000000000196e+02 2.231239999999999952e+02
5.218060000000000400e+02 3.792189999999999941e+02 4.955899999999999750e+02 3.666170000000000186e+02
5.236150000000000091e+02 1.149569999999999936e+02 7.610399999999999636e+02 3.487239999999999895e+02
5.245009999999999764e+02 1.294110000000000014e+02 5.048389999999999986e+02 8.939570000000000505e+01
5.249729999999999563e+02 4.848849999999999909e+02 4.392669999999999959e+02 4.950129999999999768e+02
5.249779999999999518e+02 1.347340000000000089e+02 5.050840000000000032e+02 9.543439999999999657e+01
5.250149999999999864e+02 2.728349999999999795e+02 5.019929999999999950e+02 2.482800000000000011e+02
5.253529999999999518e+02 2.586039999999999850e+02 4.562289999999999850e+02 1.246650000000000063e+02
5.254510000000000218e+02 1.503530000000000086e+02 5.052160000000000082e+02 1.122429999999999950e+02
5.261739999999999782e+02 3.940190000000000055e+02 5.005590000000000259e+02 3.831299999999999955e+02
5.267069999999999936e+02 5.861580000000000155e+02 4.245539999999999736e+02 5.872799999999999727e+02
5.270579999999999927e+02 3.907900000000000205e+02 5.020830000000000268e+02 3.797679999999999723e+02
5.276219999999999573e+02 2.789150000000000205e+02 5.050350000000000250e+02 2.552669999999999959e+02
5.279880000000000564e+02 2.882909999999999968e+02 5.050339999999999918e+02 2.654739999999999895e+02
5.279909999999999854e+02 4.908059999999999832e+02 4.433170000000000073e+02 5.034230000000000018e+02
5.283179999999999836e+02 1.390250000000000057e+02 5.084239999999999782e+02 1.001580000000000013e+02
5.288360000000000127e+02 1.885879999999999939e+02 5.078319999999999936e+02 1.543779999999999859e+02
5.313429999999999609e+02 2.279979999999999905e+02 5.103269999999999982e+02 1.988199999999999932e+02
5.324850000000000136e+02 2.884750000000000227e+02 4.920179999999999723e+02 1.110049999999999955e+02
5.347259999999999991e+02 3.929830000000000041e+02 5.104479999999999791e+02 3.821730000000000018e+02
5.354909999999999854e+02 3.969030000000000200e+02 5.109309999999999832e+02 3.860029999999999859e+02
5.380879999999999654e+02 1.933389999999999986e+02 5.201140000000000327e+02 1.609629999999999939e+02
5.382129999999999654e+02 1.864339999999999975e+02 5.199289999999999736e+02 1.820329999999999870e+02
5.382889999999999873e+02 1.619219999999999970e+02 5.201889999999999645e+02 1.264710000000000036e+02
5.386219999999999573e+02 1.413710000000000093e+02 5.203819999999999482e+02 1.035340000000000060e+02
5.399640000000000555e+02 4.285380000000000109e+02 5.157649999999999864e+02 4.219750000000000227e+02
5.411169999999999618e+02 1.906399999999999864e+02 5.231749999999999545e+02 1.582160000000000082e+02
5.415829999999999700e+02 1.573449999999999989e+02 5.240109999999999673e+02 1.213539999999999992e+02
5.416290000000000191e+02 4.253279999999999745e+02 5.175220000000000482e+02 4.183670000000000186e+02
5.429249999999999545e+02 1.609579999999999984e+02 5.253339999999999463e+02 1.258250000000000028e+02
5.430520000000000209e+02 2.266930000000000121e+02 5.244890000000000327e+02 1.979470000000000027e+02
5.434080000000000155e+02 2.385939999999999941e+02 5.244349999999999454e+02 2.113959999999999866e+02
5.443429999999999609e+02 1.962400000000000091e+02 5.265040000000000191e+02 1.642419999999999902e+02
5.449610000000000127e+02 2.153590000000000089e+02 5.268590000000000373e+02 1.856239999999999952e+02
5.455349999999999682e+02 4.720659999999999741e+02 4.772919999999999732e+02 4.769409999999999741e+02
5.455810000000000173e+02 2.247079999999999984e+02 5.271009999999999991e+02 1.954490000000000123e+02
5.464560000000000173e+02 1.705010000000000048e+02 5.295549999999999500e+02 1.361510000000000105e+02
5.465660000000000309e+02 4.854599999999999795e+02 6.304579999999999700e+02 2.613079999999999927e+02
5.468600000000000136e+02 1.932290000000000134e+02 5.294619999999999891e+02 1.610589999999999975e+02
5.468719999999999573e+02 4.034929999999999950e+02 5.248469999999999800e+02 3.941800000000000068e+02
5.479619999999999891e+02 2.182369999999999948e+02 5.301879999999999882e+02 1.890529999999999973e+02
5.483460000000000036e+02 4.664370000000000118e+02 4.808550000000000182e+02 4.698029999999999973e+02
5.485270000000000437e+02 3.083020000000000209e+02 5.290919999999999845e+02 2.884230000000000018e+02
5.486799999999999500e+02 3.145629999999999882e+02 5.292369999999999663e+02 2.956700000000000159e+02
5.491169999999999618e+02 1.769600000000000080e+02 5.326190000000000282e+02 1.434470000000000027e+02
5.499370000000000118e+02 4.749639999999999986e+02 4.835659999999999741e+02 4.790699999999999932e+02
5.499420000000000073e+02 3.946689999999999827e+02 5.283830000000000382e+02 3.843740000000000236e+02
5.499429999999999836e+02 2.630310000000000059e+02 5.329420000000000073e+02 3.044470000000000027e+02
5.503519999999999754e+02 2.779950000000000045e+02 5.317450000000000045e+02 2.547270000000000039e+02
5.513289999999999509e+02 4.822230000000000132e+02 4.861650000000000205e+02 4.907300000000000182e+02
5.515960000000000036e+02 3.980989999999999895e+02 5.305729999999999791e+02 3.881909999999999741e+02
5.516180000000000518e+02 3.119320000000000164e+02 5.324460000000000264e+02 2.920400000000000205e+02
5.542229999999999563e+02 3.291379999999999768e+02 5.350789999999999509e+02 3.231270000000000095e+02
5.556970000000000027e+02 4.649990000000000236e+02 4.902339999999999804e+02 4.679259999999999877e+02
5.567129999999999654e+02 4.846879999999999882e+02 1.715939999999999941e+02 2.077959999999999923e+02
5.597190000000000509e+02 3.644510000000000218e+02 5.409279999999999973e+02 3.510450000000000159e+02
5.597190000000000509e+02 3.644510000000000218e+02 5.409279999999999973e+02 3.510450000000000159e+02
5.612240000000000464e+02 4.654420000000000073e+02 4.980579999999999927e+02 4.686320000000000050e+02
5.621169999999999618e+02 4.048120000000000118e+02 5.431420000000000528e+02 3.959940000000000282e+02
5.624969999999999573e+02 4.627970000000000255e+02 4.994270000000000209e+02 4.651309999999999718e+02
5.641399999999999864e+02 3.836150000000000091e+02 5.460320000000000391e+02 3.725670000000000073e+02
5.646789999999999736e+02 2.713199999999999932e+02 5.487999999999999545e+02 2.480070000000000050e+02
5.667899999999999636e+02 4.056309999999999718e+02 5.487419999999999618e+02 3.970230000000000246e+02
5.695259999999999536e+02 4.748690000000000282e+02 5.075149999999999864e+02 4.818870000000000005e+02
5.719589999999999463e+02 4.574940000000000282e+02 5.131280000000000427e+02 4.588779999999999859e+02
5.738529999999999518e+02 1.731069999999999993e+02 5.617309999999999945e+02 1.405459999999999923e+02
5.743429999999999609e+02 1.629919999999999902e+02 5.622089999999999463e+02 1.301829999999999927e+02
5.748719999999999573e+02 4.197780000000000200e+02 5.579099999999999682e+02 4.126129999999999995e+02
5.753020000000000209e+02 4.051290000000000191e+02 5.583120000000000118e+02 3.966419999999999959e+02
5.763509999999999991e+02 2.285440000000000111e+02 5.633830000000000382e+02 2.019799999999999898e+02
5.773619999999999663e+02 2.002359999999999900e+02 5.651219999999999573e+02 1.704819999999999993e+02
5.776829999999999927e+02 1.695819999999999936e+02 5.661979999999999791e+02 1.373000000000000114e+02
5.779089999999999918e+02 1.939259999999999877e+02 5.660560000000000400e+02 1.644410000000000025e+02
5.781779999999999973e+02 5.898890000000000100e+02 8.819759999999999422e+01 5.928790000000000191e+02
5.791670000000000300e+02 5.361019999999999754e+02 5.050840000000000032e+02 9.543439999999999657e+01
5.799080000000000155e+02 1.863129999999999882e+02 5.930670000000000073e+02 1.694480000000000075e+02
5.807409999999999854e+02 2.121699999999999875e+02 5.685919999999999845e+02 1.836610000000000014e+02
5.815399999999999636e+02 3.483759999999999764e+02 5.671559999999999491e+02 3.339340000000000259e+02
5.818840000000000146e+02 1.617669999999999959e+02 5.713229999999999791e+02 1.288700000000000045e+02
5.820510000000000446e+02 3.231329999999999814e+02 5.681109999999999900e+02 3.059769999999999754e+02
5.829139999999999873e+02 3.427189999999999941e+02 5.688709999999999809e+02 3.276770000000000209e+02
5.851660000000000537e+02 2.287800000000000011e+02 5.733709999999999809e+02 2.004180000000000064e+02
5.865259999999999536e+02 3.229220000000000255e+02 5.729569999999999936e+02 3.051999999999999886e+02
5.865389999999999873e+02 2.386189999999999998e+02 5.753630000000000564e+02 2.133400000000000034e+02
5.868540000000000418e+02 4.786440000000000055e+02 5.320620000000000118e+02 4.860389999999999873e+02
5.872680000000000291e+02 2.972309999999999945e+02 5.997569999999999482e+02 2.851279999999999859e+02
5.888239999999999554e+02 2.223530000000000086e+02 5.781779999999999973e+02 1.954439999999999884e+02
5.894990000000000236e+02 3.295919999999999845e+02 5.768220000000000027e+02 3.135419999999999732e+02
5.896019999999999754e+02 2.886009999999999991e+02 6.246839999999999691e+02 2.843039999999999736e+02
5.896019999999999754e+02 2.886009999999999991e+02 5.776309999999999718e+02 2.681220000000000141e+02
5.901660000000000537e+02 1.693660000000000139e+02 5.806870000000000118e+02 1.369799999999999898e+02
5.909199999999999591e+02 1.835209999999999866e+02 5.811929999999999836e+02 1.531229999999999905e+02
5.921109999999999900e+02 1.960660000000000025e+02 5.822749999999999773e+02 1.671119999999999948e+02
5.921109999999999900e+02 1.960660000000000025e+02 5.822749999999999773e+02 1.671119999999999948e+02
5.929289999999999736e+02 2.120039999999999907e+02 5.830570000000000164e+02 1.842880000000000109e+02
5.949099999999999682e+02 2.464099999999999966e+02 5.845960000000000036e+02 2.231430000000000007e+02
5.949220000000000255e+02 2.351169999999999902e+02 5.846970000000000027e+02 2.101220000000000141e+02
5.949220000000000255e+02 2.351169999999999902e+02 5.846970000000000027e+02 2.101220000000000141e+02
5.957549999999999955e+02 4.055049999999999955e+02 5.823400000000000318e+02 3.971630000000000109e+02
5.962250000000000227e+02 2.656209999999999809e+02 6.091960000000000264e+02 2.527680000000000007e+02
5.974519999999999982e+02 2.768380000000000223e+02 5.873289999999999509e+02 2.563829999999999814e+02
5.974519999999999982e+02 2.768380000000000223e+02 5.873289999999999509e+02 2.563829999999999814e+02
5.975979999999999563e+02 3.166650000000000205e+02 5.864880000000000564e+02 2.994540000000000077e+02
5.990610000000000355e+02 2.436250000000000000e+02 5.894539999999999509e+02 2.193429999999999893e+02
5.992039999999999509e+02 4.110110000000000241e+02 5.868120000000000118e+02 4.036669999999999732e+02
5.995140000000000100e+02 3.243260000000000218e+02 5.887699999999999818e+02 3.085040000000000191e+02
5.998369999999999891e+02 3.330769999999999982e+02 5.887770000000000437e+02 3.176960000000000264e+02
6.000779999999999745e+02 3.941259999999999764e+02 5.879840000000000373e+02 3.849139999999999873e+02
6.002169999999999845e+02 3.834800000000000182e+02 5.729569999999999936e+02 3.051999999999999886e+02
6.005950000000000273e+02 4.546170000000000186e+02 5.531639999999999873e+02 4.551669999999999732e+02
6.023369999999999891e+02 2.724560000000000173e+02 5.832880000000000109e+02 3.076220000000000141e+02
6.023930000000000291e+02 2.024459999999999980e+02 5.942340000000000373e+02 1.752589999999999861e+02
6.029470000000000027e+02 1.742740000000000009e+02 5.955449999999999591e+02 1.432849999999999966e+02
6.051029999999999518e+02 2.274610000000000127e+02 5.971309999999999718e+02 2.015699999999999932e+02
6.057430000000000518e+02 2.636329999999999814e+02 5.964239999999999782e+02 2.409859999999999900e+02
6.063600000000000136e+02 2.716399999999999864e+02 5.973890000000000100e+02 2.504759999999999991e+02
6.064869999999999663e+02 1.851229999999999905e+02 5.994690000000000509e+02 1.555759999999999934e+02
6.078949999999999818e+02 2.415790000000000077e+02 5.997440000000000282e+02 2.175279999999999916e+02
6.082549999999999955e+02 2.910059999999999718e+02 5.994120000000000346e+02 2.719460000000000264e+02
6.087960000000000491e+02 1.771560000000000059e+02 6.022989999999999782e+02 1.471980000000000075e+02
6.088020000000000209e+02 2.257500000000000000e+02 6.012000000000000455e+02 2.000279999999999916e+02
6.088250000000000455e+02 3.032850000000000250e+02 5.997569999999999482e+02 2.851279999999999859e+02
6.093650000000000091e+02 1.845490000000000066e+02 6.026290000000000191e+02 1.552860000000000014e+02
6.096209999999999809e+02 1.994819999999999993e+02 6.019489999999999554e+02 1.714759999999999991e+02
6.099980000000000473e+02 3.230409999999999968e+02 6.008170000000000073e+02 3.065649999999999977e+02
6.099980000000000473e+02 3.230409999999999968e+02 6.008170000000000073e+02 3.065649999999999977e+02
6.100399999999999636e+02 2.831070000000000277e+02 6.016409999999999627e+02 2.630570000000000164e+02
6.111689999999999827e+02 2.957200000000000273e+02 6.246839999999999691e+02 2.843039999999999736e+02
6.121459999999999582e+02 2.076279999999999859e+02 6.053719999999999573e+02 1.807019999999999982e+02
6.125130000000000337e+02 2.159269999999999925e+02 5.827409999999999854e+02 1.768899999999999864e+02
6.128799999999999955e+02 2.209900000000000091e+02 6.059660000000000082e+02 1.954480000000000075e+02
6.139560000000000173e+02 2.331200000000000045e+02 6.070399999999999636e+02 2.083319999999999936e+02
6.151689999999999827e+02 1.765850000000000080e+02 6.068189999999999600e+02 1.443870000000000005e+02
6.168139999999999645e+02 3.013140000000000214e+02 6.090249999999999773e+02 2.833220000000000027e+02
6.169059999999999491e+02 2.394519999999999982e+02 6.104329999999999927e+02 2.157230000000000132e+02
6.170539999999999736e+02 2.470850000000000080e+02 6.104569999999999936e+02 2.242719999999999914e+02
6.175320000000000391e+02 3.170760000000000218e+02 6.095520000000000209e+02 3.007189999999999941e+02
6.179070000000000391e+02 2.832099999999999795e+02 6.107300000000000182e+02 2.637860000000000014e+02
6.179070000000000391e+02 2.832099999999999795e+02 6.107300000000000182e+02 2.637860000000000014e+02
6.184360000000000355e+02 2.256109999999999900e+02 5.804500000000000455e+02 2.396419999999999959e+02
6.184569999999999936e+02 3.156850000000000023e+02 6.113210000000000264e+02 2.996299999999999955e+02
6.184569999999999936e+02 3.156850000000000023e+02 6.113210000000000264e+02 2.996299999999999955e+02
6.206689999999999827e+02 3.364560000000000173e+02 6.130480000000000018e+02 3.221000000000000227e+02
6.212920000000000300e+02 3.458149999999999977e+02 6.136009999999999991e+02 3.325799999999999841e+02
6.215829999999999700e+02 4.712130000000000223e+02 5.829230000000000018e+02 4.766080000000000041e+02
6.215919999999999845e+02 3.094630000000000223e+02 6.145499999999999545e+02 2.922450000000000045e+02
6.215940000000000509e+02 3.200369999999999777e+02 6.144310000000000400e+02 3.041549999999999727e+02
6.218099999999999454e+02 2.984019999999999868e+02 6.150109999999999673e+02 2.802119999999999891e+02
6.223179999999999836e+02 3.262610000000000241e+02 6.150349999999999682e+02 3.105339999999999918e+02
6.224170000000000300e+02 2.274470000000000027e+02 6.169210000000000491e+02 2.027019999999999982e+02
6.226280000000000427e+02 2.535180000000000007e+02 6.166280000000000427e+02 2.313689999999999998e+02
6.226559999999999491e+02 1.947949999999999875e+02 6.329759999999999991e+02 1.610000000000000000e+02
6.226559999999999491e+02 1.947949999999999875e+02 6.196230000000000473e+02 1.686030000000000086e+02
6.228680000000000518e+02 3.583990000000000009e+02 6.149529999999999745e+02 3.468929999999999723e+02
6.243769999999999527e+02 1.970029999999999859e+02 6.198859999999999673e+02 1.695560000000000116e+02
6.261730000000000018e+02 3.486739999999999782e+02 6.190570000000000164e+02 3.354039999999999964e+02
6.270370000000000346e+02 1.908170000000000073e+02 6.227920000000000300e+02 1.631779999999999973e+02
6.274790000000000418e+02 2.956610000000000014e+02 6.215259999999999536e+02 2.773840000000000146e+02
6.279239999999999782e+02 2.105610000000000070e+02 6.019489999999999554e+02 1.714759999999999991e+02
6.279840000000000373e+02 2.457009999999999934e+02 6.237889999999999873e+02 2.245970000000000084e+02
6.281539999999999964e+02 4.688740000000000236e+02 5.920209999999999582e+02 4.728149999999999977e+02
6.283129999999999882e+02 3.080950000000000273e+02 6.222619999999999436e+02 2.917049999999999841e+02
6.286920000000000073e+02 4.816639999999999873e+02 5.917380000000000564e+02 4.893430000000000177e+02
6.289800000000000182e+02 2.038050000000000068e+02 6.250230000000000246e+02 1.773950000000000102e+02
6.293419999999999845e+02 2.914200000000000159e+02 6.237920000000000300e+02 2.730129999999999768e+02
6.310800000000000409e+02 3.376870000000000118e+02 6.252160000000000082e+02 3.243059999999999832e+02
6.311820000000000164e+02 2.390109999999999957e+02 6.268250000000000455e+02 2.158290000000000077e+02
6.314859999999999900e+02 4.669379999999999882e+02 5.969160000000000537e+02 4.708469999999999800e+02
6.325900000000000318e+02 2.534079999999999870e+02 6.281689999999999827e+02 2.311750000000000114e+02
6.335750000000000455e+02 2.616469999999999914e+02 6.290529999999999973e+02 2.408460000000000036e+02
6.335750000000000455e+02 2.616469999999999914e+02 6.290529999999999973e+02 2.408460000000000036e+02
6.342709999999999582e+02 1.893309999999999889e+02 6.329759999999999991e+02 1.610000000000000000e+02
6.349729999999999563e+02 2.799429999999999836e+02 6.304579999999999700e+02 2.613079999999999927e+02
6.352509999999999764e+02 1.886100000000000136e+02 6.329759999999999991e+02 1.610000000000000000e+02
6.365760000000000218e+02 3.272189999999999941e+02 6.312799999999999727e+02 3.121820000000000164e+02
6.367839999999999918e+02 3.081309999999999718e+02 6.321670000000000300e+02 2.918550000000000182e+02
6.367839999999999918e+02 3.081309999999999718e+02 6.321670000000000300e+02 2.918550000000000182e+02
6.373709999999999809e+02 3.221429999999999723e+02 6.327740000000000009e+02 3.072210000000000036e+02
6.378719999999999573e+02 3.000620000000000118e+02 6.333170000000000073e+02 2.824139999999999873e+02
6.378819999999999482e+02 3.410810000000000173e+02 6.325320000000000391e+02 3.276890000000000214e+02
6.426319999999999482e+02 3.997400000000000091e+02 6.325639999999999645e+02 3.910049999999999955e+02
6.440090000000000146e+02 3.970889999999999986e+02 6.339420000000000073e+02 3.880629999999999882e+02
6.446420000000000528e+02 3.455169999999999959e+02 6.397250000000000227e+02 3.341850000000000023e+02
6.534370000000000118e+02 4.474630000000000223e+02 6.415879999999999654e+02 4.451429999999999723e+02
6.534589999999999463e+02 4.439929999999999950e+02 6.413990000000000009e+02 4.412269999999999754e+02
6.590710000000000264e+02 3.325570000000000164e+02 6.640289999999999964e+02 3.245720000000000027e+02
6.630080000000000382e+02 3.427989999999999782e+02 6.685449999999999591e+02 3.356669999999999732e+02
6.646130000000000564e+02 3.353709999999999809e+02 6.699039999999999964e+02 3.276120000000000232e+02
6.698110000000000355e+02 4.469479999999999791e+02 6.608590000000000373e+02 4.447919999999999732e+02
6.773909999999999627e+02 4.288330000000000268e+02 6.807140000000000555e+02 4.245939999999999941e+02
6.774199999999999591e+02 3.361469999999999914e+02 6.841420000000000528e+02 3.284839999999999804e+02
6.783579999999999472e+02 3.389060000000000059e+02 6.850289999999999964e+02 3.313430000000000177e+02
6.787530000000000427e+02 3.447219999999999800e+02 6.852440000000000282e+02 3.374159999999999968e+02
6.791029999999999518e+02 3.525670000000000073e+02 6.851040000000000418e+02 3.458990000000000009e+02
6.815000000000000000e+02 5.145389999999999873e+02 6.374210000000000491e+02 5.477599999999999909e+02
6.820529999999999973e+02 5.172749999999999773e+02 6.358519999999999754e+02 5.533350000000000364e+02
6.834139999999999873e+02 4.311229999999999905e+02 6.893210000000000264e+02 4.274639999999999986e+02
6.835009999999999764e+02 3.431759999999999877e+02 6.903869999999999436e+02 3.355919999999999845e+02
6.835009999999999764e+02 3.431759999999999877e+02 6.903869999999999436e+02 3.355919999999999845e+02
6.843250000000000455e+02 3.598790000000000191e+02 6.907720000000000482e+02 3.540740000000000123e+02
6.854299999999999500e+02 4.528539999999999850e+02 6.799289999999999736e+02 4.516539999999999964e+02
6.872880000000000109e+02 3.438729999999999905e+02 6.942029999999999745e+02 3.365450000000000159e+02
6.882670000000000528e+02 3.529920000000000186e+02 6.952849999999999682e+02 3.461519999999999868e+02
6.900109999999999673e+02 3.487259999999999991e+02 6.973529999999999518e+02 3.418659999999999854e+02
6.900579999999999927e+02 3.589039999999999964e+02 6.969880000000000564e+02 3.524110000000000014e+02
6.903630000000000564e+02 3.550860000000000127e+02 6.974550000000000409e+02 3.485179999999999723e+02
6.949519999999999982e+02 3.686159999999999854e+02 7.021109999999999900e+02 3.621909999999999741e+02
6.950430000000000064e+02 4.588140000000000214e+02 6.912060000000000173e+02 4.585670000000000073e+02
6.964160000000000537e+02 4.520389999999999873e+02 6.930190000000000055e+02 4.509069999999999823e+02
6.966480000000000246e+02 4.527119999999999891e+02 6.936000000000000227e+02 4.517149999999999750e+02
6.966900000000000546e+02 3.608899999999999864e+02 7.039410000000000309e+02 3.544030000000000200e+02
7.020929999999999609e+02 3.669180000000000064e+02 7.100170000000000528e+02 3.606120000000000232e+02
7.022609999999999673e+02 4.599030000000000200e+02 7.082500000000000000e+02 4.593629999999999995e+02
7.083840000000000146e+02 3.044300000000000068e+02 7.071499999999999773e+02 2.903759999999999764e+02
7.093500000000000227e+02 4.594379999999999882e+02 7.082500000000000000e+02 4.593629999999999995e+02
7.107899999999999636e+02 5.085169999999999959e+02 6.858460000000000036e+02 5.359270000000000209e+02
7.119579999999999700e+02 3.798439999999999941e+02 2.467019999999999982e+02 4.999449999999999932e+02
7.123360000000000127e+02 4.467160000000000082e+02 7.122219999999999800e+02 4.449039999999999964e+02
7.131470000000000482e+02 5.909470000000000027e+02 6.721230000000000473e+02 5.899750000000000227e+02
7.139800000000000182e+02 4.324900000000000091e+02 7.218740000000000236e+02 4.293079999999999927e+02
7.146480000000000246e+02 4.595740000000000123e+02 7.146269999999999527e+02 4.595389999999999873e+02
7.160299999999999727e+02 4.524019999999999868e+02 7.161340000000000146e+02 4.511429999999999723e+02
7.162000000000000455e+02 4.371669999999999732e+02 7.223419999999999845e+02 4.343460000000000036e+02
7.166979999999999791e+02 4.432239999999999895e+02 7.194429999999999836e+02 4.414979999999999905e+02
7.167269999999999754e+02 4.285099999999999909e+02 7.245910000000000082e+02 4.247930000000000064e+02
7.170990000000000464e+02 5.079019999999999868e+02 6.952699999999999818e+02 5.354909999999999854e+02
7.236069999999999709e+02 4.412289999999999850e+02 7.311309999999999718e+02 4.384399999999999977e+02
7.310739999999999554e+02 4.524370000000000118e+02 7.340259999999999536e+02 4.514800000000000182e+02
7.327200000000000273e+02 5.079270000000000209e+02 7.197409999999999854e+02 5.349120000000000346e+02
7.353619999999999663e+02 5.036240000000000236e+02 5.804500000000000455e+02 2.396419999999999959e+02
7.360599999999999454e+02 4.494549999999999841e+02 7.399160000000000537e+02 4.480439999999999827e+02
7.360599999999999454e+02 4.494549999999999841e+02 7.399160000000000537e+02 4.480439999999999827e+02
7.387910000000000537e+02 4.704839999999999804e+02 7.055860000000000127e+02 4.750059999999999718e+02
7.412450000000000045e+02 4.510899999999999750e+02 7.459640000000000555e+02 4.501399999999999864e+02
7.454710000000000036e+02 4.438770000000000095e+02 7.513540000000000418e+02 4.419809999999999945e+02
7.457609999999999673e+02 3.579259999999999877e+02 7.564339999999999691e+02 3.520570000000000164e+02
7.468930000000000291e+02 3.598079999999999927e+02 7.574489999999999554e+02 3.540520000000000209e+02
7.500650000000000546e+02 3.835729999999999791e+02 7.579600000000000364e+02 3.751089999999999804e+02
7.514719999999999800e+02 4.521680000000000064e+02 7.580090000000000146e+02 4.513840000000000146e+02
7.516799999999999500e+02 3.587880000000000109e+02 7.628260000000000218e+02 3.529940000000000282e+02
7.539740000000000464e+02 3.668059999999999832e+02 7.649569999999999936e+02 3.610210000000000150e+02
7.539740000000000464e+02 3.668059999999999832e+02 7.649569999999999936e+02 3.610210000000000150e+02
7.560149999999999864e+02 4.569420000000000073e+02 7.632419999999999618e+02 4.567819999999999823e+02
7.597290000000000418e+02 4.363369999999999891e+02 7.700099999999999909e+02 4.338009999999999877e+02
7.608289999999999509e+02 4.303790000000000191e+02 7.714320000000000164e+02 4.275219999999999914e+02
7.608289999999999509e+02 4.303790000000000191e+02 7.714320000000000164e+02 4.275219999999999914e+02
7.631269999999999527e+02 3.607749999999999773e+02 7.752079999999999700e+02 3.550489999999999782e+02
7.643849999999999909e+02 4.294920000000000186e+02 7.751760000000000446e+02 4.265710000000000264e+02
7.668110000000000355e+02 4.987230000000000132e+02 7.694729999999999563e+02 5.183400000000000318e+02
7.671870000000000118e+02 4.440430000000000064e+02 7.762329999999999472e+02 4.424069999999999823e+02
7.682720000000000482e+02 5.009630000000000223e+02 7.709470000000000027e+02 5.218319999999999936e+02
7.689039999999999964e+02 4.405149999999999864e+02 7.791979999999999791e+02 4.382850000000000250e+02
7.750220000000000482e+02 2.485859999999999914e+01 2.597939999999999827e+02 9.655159999999999343e+01
7.809489999999999554e+02 7.813500000000000512e+01 7.428350000000000364e+02 3.551519999999999868e+02
7.833440000000000509e+02 3.526530000000000200e+02 7.856380000000000337e+02 3.462919999999999732e+02
7.877540000000000191e+02 4.397660000000000196e+02 7.867369999999999663e+02 4.624979999999999905e+02
7.884130000000000109e+02 3.780860000000000127e+02 7.884030000000000200e+02 3.720190000000000055e+02
7.918429999999999609e+02 4.777210000000000036e+02 3.109789999999999850e+02 2.110949999999999989e+02
7.918479999999999563e+02 3.052520000000000095e+02 7.918479999999999563e+02 3.052520000000000095e+02
7.928429999999999609e+02 2.542640000000000100e+02 7.928379999999999654e+02 2.542750000000000057e+02
7.939940000000000282e+02 5.915399999999999636e+02 7.945879999999999654e+02 5.919529999999999745e+02
7.949880000000000564e+02 5.440710000000000264e+02 7.949819999999999709e+02 5.439840000000000373e+02
7.975040000000000191e+02 1.276269999999999953e+02 2.882959999999999923e+02 4.831340000000000146e+02
