9.039500000000000313e+00 4.539169999999999732e+02 5.158010000000000446e+02 2.613509999999999991e+02
1.593050000000000033e+01 1.634569999999999936e+02 3.998870000000000005e+02 4.635529999999999973e+02
1.635630000000000095e+01 2.565029999999999859e+02 7.812039999999999509e+02 4.986829999999999927e+02
2.061710000000000065e+01 2.261740000000000066e+02 7.022609999999999673e+02 4.599030000000000200e+02
2.323979999999999890e+01 2.394029999999999916e+02 3.532080000000000268e+02 4.521680000000000064e+02
2.475710000000000122e+01 5.141029999999999518e+02 6.088250000000000455e+02 3.032850000000000250e+02
4.280819999999999936e+01 6.866339999999999577e+01 6.998840000000000146e+02 3.701059999999999945e+02
4.477420000000000044e+01 4.347429999999999950e+02 2.109530000000000030e+02 5.159610000000000127e+02
4.875639999999999930e+01 3.347420000000000329e+01 4.723489999999999895e+02 2.779839999999999804e+02
5.588660000000000139e+01 4.970509999999999877e+02 5.108870000000000005e+02 2.261289999999999907e+02
5.960580000000000211e+01 1.609360000000000070e+02 3.630250000000000199e+01 1.704079999999999870e+02
6.178849999999999909e+01 4.267950000000000159e+02 6.776369999999999436e+02 5.147839999999999918e+02
6.632550000000000523e+01 1.608360000000000127e+02 4.288949999999999818e+01 1.702800000000000011e+02
7.042780000000000484e+01 1.928499999999999943e+02 4.933599999999999852e+01 2.033360000000000127e+02
7.135670000000000357e+01 5.939059999999999491e+02 4.781539999999999964e+02 5.908189999999999600e+02
7.765070000000000050e+01 1.923189999999999884e+02 5.678600000000000136e+01 2.024130000000000109e+02
7.867839999999999634e+01 1.990790000000000077e+02 5.741610000000000014e+01 2.092640000000000100e+02
7.910720000000000596e+01 1.892129999999999939e+02 5.747910000000000252e+01 1.991020000000000039e+02
8.535030000000000427e+01 1.927189999999999941e+02 6.536660000000000537e+01 2.028420000000000130e+02
8.697639999999999816e+01 1.877940000000000111e+02 6.583549999999999613e+01 1.978120000000000118e+02
8.697639999999999816e+01 1.877940000000000111e+02 6.583549999999999613e+01 1.978120000000000118e+02
8.725939999999999941e+01 4.911779999999999973e+02 5.108870000000000005e+02 2.261289999999999907e+02
9.573069999999999879e+01 4.878759999999999764e+02 7.146480000000000246e+02 4.595740000000000123e+02
1.077349999999999994e+02 2.127580000000000098e+02 8.245950000000000557e+01 2.215130000000000052e+02
1.122759999999999962e+02 2.375070000000000050e+02 8.800020000000000664e+01 2.473019999999999925e+02
1.260229999999999961e+02 2.701709999999999923e+02 6.783579999999999472e+02 3.389060000000000059e+02
1.528969999999999914e+02 1.681310000000000002e+02 7.494260000000000446e+02 1.062039999999999935e+02
1.652299999999999898e+02 5.125330000000000155e+02 5.274650000000000318e+02 2.577080000000000268e+02
1.926610000000000014e+02 4.009739999999999895e+02 5.985249999999999773e+02 2.106839999999999975e+02
1.932500000000000000e+02 3.978969999999999914e+02 5.985249999999999773e+02 2.106839999999999975e+02
2.401450000000000102e+02 4.169519999999999982e+02 1.013730000000000047e+02 4.294929999999999950e+02
2.401450000000000102e+02 4.169519999999999982e+02 1.013730000000000047e+02 4.294929999999999950e+02
2.401450000000000102e+02 4.169519999999999982e+02 1.013730000000000047e+02 4.294929999999999950e+02
2.485949999999999989e+02 2.812440000000000282e+02 1.854439999999999884e+02 2.830450000000000159e+02
2.565980000000000132e+02 3.624769999999999754e+02 2.311349999999999909e+02 3.623039999999999736e+02
2.621460000000000150e+02 2.780299999999999727e+02 1.949830000000000041e+02 2.810819999999999936e+02
2.641000000000000227e+02 4.773890000000000100e+02 3.633120000000000118e+02 4.577219999999999800e+02
2.645000000000000000e+02 2.863790000000000191e+02 1.959159999999999968e+02 2.881949999999999932e+02
2.645000000000000000e+02 2.863790000000000191e+02 1.959159999999999968e+02 2.881949999999999932e+02
2.677789999999999964e+02 4.340380000000000109e+02 1.329070000000000107e+02 4.493690000000000282e+02
2.718580000000000041e+02 1.658069999999999879e+02 3.230269999999999868e+02 1.296800000000000068e+02
2.826159999999999854e+02 1.664650000000000034e+02 4.199340000000000259e+02 1.009429999999999978e+02
2.830579999999999927e+02 1.662369999999999948e+02 4.199340000000000259e+02 1.009429999999999978e+02
2.851879999999999882e+02 2.293189999999999884e+02 2.159310000000000116e+02 2.241450000000000102e+02
3.029850000000000136e+02 2.493269999999999982e+02 2.271239999999999952e+02 2.491599999999999966e+02
3.031050000000000182e+02 2.934390000000000214e+02 2.239190000000000111e+02 2.952810000000000059e+02
3.061840000000000259e+02 1.567110000000000127e+02 3.490509999999999877e+02 1.219860000000000042e+02
3.062049999999999841e+02 2.804329999999999927e+02 2.269459999999999980e+02 2.812649999999999864e+02
3.166139999999999759e+02 2.271490000000000009e+02 2.379590000000000032e+02 2.229399999999999977e+02
3.175079999999999814e+02 4.197930000000000064e+02 1.294430000000000121e+02 4.908290000000000077e+02
3.185869999999999891e+02 1.570409999999999968e+02 4.199340000000000259e+02 1.009429999999999978e+02
3.219180000000000064e+02 3.630649999999999977e+02 2.329689999999999941e+02 3.706600000000000250e+02
3.221240000000000236e+02 4.203580000000000041e+02 3.546009999999999991e+02 2.184970000000000141e+02
3.330489999999999782e+02 2.145649999999999977e+02 2.567450000000000045e+02 2.211440000000000055e+02
3.359660000000000082e+02 2.071030000000000086e+02 6.557129999999999654e+02 4.599320000000000164e+02
3.380640000000000214e+02 1.526250000000000000e+02 3.428790000000000191e+02 1.274180000000000064e+02
3.393389999999999986e+02 3.833159999999999741e+02 2.447969999999999970e+02 3.928650000000000091e+02
3.394730000000000132e+02 5.852390000000000327e+02 3.432180000000000177e+02 5.786109999999999900e+02
3.449649999999999750e+02 1.945310000000000059e+02 5.504239999999999782e+02 2.160329999999999870e+02
3.450539999999999736e+02 2.110380000000000109e+02 1.463770000000000095e+02 5.299360000000000355e+02
3.493290000000000077e+02 2.430699999999999932e+02 2.622970000000000255e+02 2.390970000000000084e+02
3.508079999999999927e+02 1.923389999999999986e+02 2.674750000000000227e+02 1.825120000000000005e+02
3.510070000000000050e+02 3.452420000000000186e+02 2.571589999999999918e+02 3.522860000000000014e+02
3.517350000000000136e+02 3.351050000000000182e+02 2.586220000000000141e+02 3.392470000000000141e+02
3.530559999999999832e+02 3.492869999999999777e+02 2.583840000000000146e+02 3.550609999999999786e+02
3.550310000000000059e+02 2.463139999999999930e+02 2.672970000000000255e+02 2.408669999999999902e+02
3.561200000000000045e+02 3.821360000000000241e+02 2.587389999999999759e+02 3.914590000000000032e+02
3.572579999999999814e+02 3.419809999999999945e+02 2.628439999999999941e+02 3.465520000000000209e+02
3.579370000000000118e+02 2.537239999999999895e+02 2.686229999999999905e+02 2.489929999999999950e+02
3.581709999999999923e+02 1.950420000000000016e+02 2.746070000000000277e+02 1.844159999999999968e+02
3.581709999999999923e+02 1.950420000000000016e+02 2.746070000000000277e+02 1.844159999999999968e+02
3.589200000000000159e+02 1.957460000000000093e+02 2.746070000000000277e+02 1.844159999999999968e+02
3.624990000000000236e+02 2.321529999999999916e+02 2.734610000000000127e+02 2.253689999999999998e+02
3.658809999999999718e+02 2.783899999999999864e+02 2.732200000000000273e+02 2.758809999999999718e+02
3.662429999999999950e+02 3.034010000000000105e+02 2.720319999999999823e+02 3.035710000000000264e+02
3.690529999999999973e+02 2.337620000000000005e+02 2.788340000000000032e+02 2.264209999999999923e+02
3.701469999999999914e+02 3.867459999999999809e+02 2.743340000000000032e+02 3.966539999999999964e+02
3.754250000000000114e+02 1.393230000000000075e+02 3.404870000000000232e+02 1.248499999999999943e+02
3.796229999999999905e+02 4.389769999999999754e+02 3.674030000000000200e+02 4.649879999999999995e+02
3.815810000000000173e+02 1.581330000000000098e+02 3.211899999999999977e+02 1.549770000000000039e+02
3.824739999999999895e+02 2.285490000000000066e+02 2.970210000000000150e+02 2.218739999999999952e+02
3.825310000000000059e+02 3.728539999999999850e+02 2.884580000000000268e+02 3.814289999999999736e+02
3.845459999999999923e+02 1.878710000000000093e+02 3.014529999999999745e+02 1.780459999999999923e+02
3.845459999999999923e+02 1.878710000000000093e+02 3.014529999999999745e+02 1.780459999999999923e+02
3.850849999999999795e+02 2.162930000000000064e+02 3.009239999999999782e+02 2.085140000000000100e+02
3.891539999999999964e+02 2.882149999999999750e+02 3.035679999999999836e+02 2.872210000000000036e+02
3.910590000000000259e+02 2.518000000000000114e+02 3.080919999999999845e+02 2.476310000000000002e+02
3.948949999999999818e+02 1.821519999999999868e+02 3.109639999999999986e+02 1.757309999999999945e+02
3.950190000000000055e+02 2.419360000000000070e+02 3.131800000000000068e+02 2.370989999999999895e+02
3.962400000000000091e+02 4.323559999999999945e+02 2.718020000000000209e+02 4.489850000000000136e+02
3.989289999999999736e+02 1.360889999999999986e+02 4.199340000000000259e+02 1.009429999999999978e+02
4.014409999999999741e+02 2.392750000000000057e+02 3.214830000000000041e+02 2.340200000000000102e+02
4.014409999999999741e+02 2.392750000000000057e+02 3.214830000000000041e+02 2.340200000000000102e+02
4.053159999999999741e+02 2.615609999999999786e+02 5.270159999999999627e+02 2.513870000000000005e+02
4.065099999999999909e+02 1.871939999999999884e+02 3.297289999999999850e+02 1.769720000000000084e+02
4.065140000000000100e+02 1.939350000000000023e+02 3.297440000000000282e+02 1.852630000000000052e+02
4.075620000000000118e+02 1.338909999999999911e+02 4.199340000000000259e+02 1.009429999999999978e+02
4.084639999999999986e+02 1.664039999999999964e+02 3.460710000000000264e+02 1.606550000000000011e+02
4.090729999999999791e+02 2.622180000000000177e+02 3.311259999999999764e+02 2.611949999999999932e+02
4.097429999999999950e+02 1.305860000000000127e+02 3.490509999999999877e+02 1.219860000000000042e+02
4.099329999999999927e+02 2.088360000000000127e+02 7.918970000000000482e+02 5.750009999999999764e+02
4.101059999999999945e+02 4.075960000000000036e+02 3.229030000000000200e+02 4.243919999999999959e+02
4.101190000000000282e+02 2.002839999999999918e+02 7.939940000000000282e+02 5.915399999999999636e+02
4.182860000000000014e+02 4.455579999999999927e+02 6.056430000000000291e+02 2.875950000000000273e+02
4.197060000000000173e+02 4.925009999999999764e+02 1.599219999999999970e+02 2.321500000000000057e+02
4.212980000000000018e+02 2.679950000000000045e+02 6.056430000000000291e+02 2.875950000000000273e+02
4.218399999999999750e+02 2.052040000000000077e+02 3.498369999999999891e+02 1.980989999999999895e+02
4.220690000000000168e+02 2.918870000000000005e+02 3.495319999999999823e+02 2.563220000000000027e+02
4.225699999999999932e+02 2.647019999999999982e+02 3.493750000000000000e+02 2.623260000000000218e+02
4.254800000000000182e+02 2.699630000000000223e+02 3.521619999999999777e+02 2.683290000000000077e+02
4.261650000000000205e+02 2.185589999999999975e+02 3.521619999999999777e+02 2.683290000000000077e+02
4.264069999999999823e+02 2.069670000000000130e+02 3.552930000000000064e+02 2.001109999999999900e+02
4.289300000000000068e+02 4.469479999999999791e+02 2.619479999999999791e+02 4.623439999999999941e+02
4.358159999999999741e+02 4.350910000000000082e+02 2.718020000000000209e+02 4.489850000000000136e+02
4.490779999999999745e+02 1.230789999999999935e+02 3.428790000000000191e+02 1.274180000000000064e+02
4.492989999999999782e+02 5.871420000000000528e+02 5.267069999999999936e+02 5.861580000000000155e+02
4.534800000000000182e+02 1.865670000000000073e+02 7.939940000000000282e+02 5.915399999999999636e+02
4.660620000000000118e+02 4.402180000000000177e+02 3.200289999999999964e+02 4.579950000000000045e+02
4.711460000000000150e+02 5.848949999999999818e+02 1.466959999999999980e+02 5.869719999999999800e+02
4.714230000000000018e+02 1.785140000000000100e+02 4.400720000000000027e+02 1.616430000000000007e+02
4.718279999999999745e+02 2.134830000000000041e+02 6.209379999999999882e+02 4.086000000000000227e+02
4.718419999999999845e+02 5.858339999999999463e+02 1.466959999999999980e+02 5.869719999999999800e+02
4.722429999999999950e+02 2.131610000000000014e+02 2.108930000000000007e+02 4.520609999999999786e+02
4.722429999999999950e+02 2.131610000000000014e+02 6.209379999999999882e+02 4.086000000000000227e+02
4.786829999999999927e+02 1.787179999999999893e+02 4.150369999999999777e+02 1.698689999999999998e+02
4.820830000000000268e+02 1.844830000000000041e+02 1.968739999999999952e+02 3.586370000000000005e+02
4.834710000000000036e+02 5.858070000000000164e+02 1.724120000000000061e+02 5.858400000000000318e+02
4.900430000000000064e+02 4.927429999999999950e+02 7.350730000000000075e+01 5.385339999999999918e+02
4.960960000000000036e+02 4.459449999999999932e+02 3.674030000000000200e+02 4.649879999999999995e+02
5.007080000000000268e+02 4.026299999999999955e+02 4.056190000000000282e+02 4.140980000000000132e+02
5.023369999999999891e+02 1.088340000000000032e+02 4.096240000000000236e+02 1.043220000000000027e+02
5.040269999999999868e+02 4.458799999999999955e+02 3.674030000000000200e+02 4.649879999999999995e+02
5.042760000000000105e+02 1.270499999999999972e+02 4.410620000000000118e+02 1.144110000000000014e+02
5.046150000000000091e+02 1.062830000000000013e+02 4.427139999999999986e+02 9.137369999999999948e+01
5.070670000000000073e+02 1.077489999999999952e+02 4.451139999999999759e+02 9.309569999999999368e+01
5.123039999999999736e+02 1.420730000000000075e+02 4.497259999999999991e+02 1.294000000000000057e+02
5.124779999999999518e+02 1.660949999999999989e+02 4.492490000000000236e+02 1.547909999999999968e+02
5.129869999999999663e+02 1.333400000000000034e+02 4.504569999999999936e+02 1.198649999999999949e+02
5.135480000000000018e+02 1.035300000000000011e+02 4.518260000000000218e+02 8.790930000000000177e+01
5.160869999999999891e+02 1.059669999999999987e+02 4.548220000000000027e+02 9.067040000000000077e+01
5.185439999999999827e+02 1.097099999999999937e+02 4.569730000000000132e+02 9.508190000000000452e+01
5.188269999999999982e+02 1.106760000000000019e+02 4.569730000000000132e+02 9.508190000000000452e+01
5.193559999999999945e+02 1.382700000000000102e+02 4.572679999999999723e+02 1.248250000000000028e+02
5.194220000000000255e+02 2.003810000000000002e+02 4.564270000000000209e+02 2.568129999999999882e+02
5.229420000000000073e+02 1.386800000000000068e+02 4.619789999999999850e+02 2.594230000000000018e+02
5.240240000000000009e+02 3.050860000000000127e+02 4.593050000000000068e+02 3.062200000000000273e+02
5.252119999999999891e+02 1.213059999999999974e+02 4.575160000000000196e+02 9.520510000000000161e+01
5.266860000000000355e+02 2.769660000000000082e+02 4.505450000000000159e+02 2.279519999999999982e+02
5.269930000000000518e+02 3.082180000000000177e+02 4.624719999999999800e+02 3.096680000000000064e+02
5.309600000000000364e+02 1.161039999999999992e+02 4.874820000000000277e+02 1.096550000000000011e+02
5.349790000000000418e+02 1.181610000000000014e+02 4.781720000000000255e+02 1.037980000000000018e+02
5.364400000000000546e+02 1.347379999999999995e+02 4.804340000000000259e+02 1.242360000000000042e+02
5.366490000000000009e+02 1.703290000000000077e+02 4.859060000000000059e+02 2.345029999999999859e+02
5.375869999999999891e+02 4.775690000000000168e+02 3.241999999999999886e+02 5.077019999999999982e+02
5.382599999999999909e+02 1.837709999999999866e+02 4.831650000000000205e+02 1.750840000000000032e+02
5.389009999999999536e+02 1.589569999999999936e+02 4.844990000000000236e+02 1.480500000000000114e+02
5.391319999999999482e+02 1.694869999999999948e+02 2.599649999999999750e+02 2.048760000000000048e+02
5.391430000000000291e+02 1.785320000000000107e+02 4.842789999999999964e+02 1.694979999999999905e+02
5.392329999999999472e+02 1.635999999999999943e+02 2.599649999999999750e+02 2.048760000000000048e+02
5.410080000000000382e+02 2.485629999999999882e+02 4.848310000000000173e+02 2.455060000000000002e+02
5.414420000000000073e+02 1.231140000000000043e+02 4.874820000000000277e+02 1.096550000000000011e+02
5.424930000000000518e+02 1.963439999999999941e+02 4.874460000000000264e+02 1.885070000000000050e+02
5.434279999999999973e+02 2.519749999999999943e+02 4.873849999999999909e+02 2.489329999999999927e+02
5.434279999999999973e+02 2.519749999999999943e+02 4.873849999999999909e+02 2.489329999999999927e+02
5.455209999999999582e+02 3.105790000000000077e+02 4.882599999999999909e+02 3.129329999999999927e+02
5.458600000000000136e+02 1.549780000000000086e+02 4.929940000000000282e+02 1.910109999999999957e+02
5.465049999999999955e+02 2.505680000000000121e+02 4.907930000000000064e+02 2.473329999999999984e+02
5.465679999999999836e+02 4.404739999999999895e+02 3.305230000000000246e+02 4.622250000000000227e+02
5.472150000000000318e+02 1.986370000000000005e+02 4.929940000000000282e+02 1.910109999999999957e+02
5.505549999999999500e+02 3.118129999999999882e+02 4.940960000000000036e+02 3.143770000000000095e+02
5.511440000000000055e+02 3.310430000000000064e+02 4.944100000000000250e+02 3.354069999999999823e+02
5.511440000000000055e+02 3.310430000000000064e+02 4.944100000000000250e+02 3.354069999999999823e+02
5.514640000000000555e+02 2.526399999999999864e+02 4.969440000000000168e+02 2.498160000000000025e+02
5.518669999999999618e+02 1.552189999999999941e+02 4.991899999999999977e+02 1.444290000000000020e+02
5.523840000000000146e+02 3.719619999999999891e+02 4.950609999999999786e+02 3.811560000000000059e+02
5.531280000000000427e+02 1.876059999999999945e+02 4.999990000000000236e+02 1.787849999999999966e+02
5.531770000000000209e+02 1.784550000000000125e+02 5.002889999999999873e+02 1.689569999999999936e+02
5.533550000000000182e+02 2.366769999999999925e+02 4.990000000000000000e+02 2.322760000000000105e+02
5.541369999999999436e+02 2.014670000000000130e+02 5.010430000000000064e+02 1.936320000000000050e+02
5.547459999999999809e+02 2.398810000000000002e+02 5.005559999999999832e+02 2.357909999999999968e+02
5.555900000000000318e+02 2.880280000000000200e+02 5.004259999999999877e+02 2.876170000000000186e+02
5.556330000000000382e+02 3.073720000000000141e+02 5.022679999999999723e+02 3.756209999999999809e+02
5.556689999999999827e+02 2.761600000000000250e+02 5.009100000000000250e+02 2.748310000000000173e+02
5.565990000000000464e+02 2.952210000000000036e+02 5.019820000000000277e+02 2.959049999999999727e+02
5.568830000000000382e+02 2.953079999999999927e+02 5.019820000000000277e+02 2.959049999999999727e+02
5.582559999999999718e+02 3.592169999999999845e+02 5.020950000000000273e+02 3.666669999999999732e+02
5.588279999999999745e+02 4.739220000000000255e+02 3.560319999999999823e+02 5.038919999999999959e+02
5.588559999999999945e+02 3.675930000000000177e+02 5.022679999999999723e+02 3.756209999999999809e+02
5.643329999999999700e+02 1.562150000000000034e+02 5.110070000000000050e+02 1.441529999999999916e+02
5.653529999999999518e+02 5.335810000000000173e+02 5.504239999999999782e+02 2.160329999999999870e+02
5.654070000000000391e+02 1.829749999999999943e+02 5.115199999999999818e+02 1.917500000000000000e+02
5.654310000000000400e+02 4.560360000000000014e+02 3.697080000000000268e+02 4.806190000000000282e+02
5.657659999999999627e+02 2.058750000000000000e+02 5.114429999999999836e+02 1.978300000000000125e+02
5.658959999999999582e+02 2.133580000000000041e+02 5.111109999999999900e+02 2.062709999999999866e+02
5.662949999999999591e+02 2.213619999999999948e+02 5.119180000000000064e+02 2.146399999999999864e+02
5.674959999999999809e+02 2.363040000000000020e+02 5.126390000000000100e+02 2.308530000000000086e+02
5.677060000000000173e+02 2.457980000000000018e+02 5.125739999999999554e+02 2.415949999999999989e+02
5.682749999999999773e+02 2.655470000000000255e+02 5.127889999999999873e+02 2.629440000000000168e+02
5.686910000000000309e+02 3.108929999999999723e+02 5.126319999999999482e+02 3.135059999999999718e+02
5.690259999999999536e+02 2.762040000000000077e+02 5.132709999999999582e+02 2.748299999999999841e+02
5.691639999999999873e+02 2.140070000000000050e+02 5.146910000000000309e+02 2.067050000000000125e+02
5.693360000000000127e+02 2.913319999999999936e+02 5.134869999999999663e+02 2.914619999999999891e+02
5.695140000000000100e+02 2.221500000000000057e+02 5.149199999999999591e+02 2.156030000000000086e+02
5.695170000000000528e+02 2.961879999999999882e+02 5.137939999999999827e+02 2.961920000000000073e+02
5.701009999999999991e+02 3.086109999999999900e+02 5.141000000000000227e+02 3.103509999999999991e+02
5.704710000000000036e+02 3.204859999999999900e+02 5.141910000000000309e+02 3.233999999999999773e+02
5.706299999999999955e+02 1.547489999999999952e+02 5.185929999999999609e+02 1.452510000000000048e+02
5.714210000000000491e+02 3.594590000000000032e+02 5.147880000000000109e+02 3.667850000000000250e+02
5.718049999999999500e+02 2.579220000000000255e+02 5.171209999999999809e+02 2.544840000000000089e+02
5.718730000000000473e+02 5.295670000000000073e+02 8.898990000000000578e+01 5.499980000000000473e+02
5.743339999999999463e+02 3.393860000000000241e+02 5.178609999999999900e+02 3.444669999999999845e+02
5.744819999999999709e+02 1.421160000000000139e+02 5.743429999999999609e+02 1.629919999999999902e+02
5.745960000000000036e+02 3.111589999999999918e+02 5.193799999999999955e+02 3.134970000000000141e+02
5.750720000000000027e+02 3.720140000000000100e+02 5.183859999999999673e+02 3.807830000000000155e+02
5.755720000000000027e+02 3.575790000000000077e+02 5.200539999999999736e+02 3.636730000000000018e+02
5.755839999999999463e+02 1.614300000000000068e+02 5.254510000000000218e+02 1.503530000000000086e+02
5.758590000000000373e+02 2.083079999999999927e+02 5.253529999999999518e+02 2.586039999999999850e+02
5.763859999999999673e+02 3.573629999999999995e+02 5.200539999999999736e+02 3.636730000000000018e+02
5.767939999999999827e+02 2.179770000000000039e+02 5.253529999999999518e+02 2.586039999999999850e+02
5.777480000000000473e+02 3.707239999999999895e+02 5.218060000000000400e+02 3.792189999999999941e+02
5.779619999999999891e+02 1.504979999999999905e+02 5.283179999999999836e+02 1.390250000000000057e+02
5.783429999999999609e+02 1.677040000000000077e+02 5.288569999999999709e+02 1.569749999999999943e+02
5.783750000000000000e+02 2.429859999999999900e+02 5.279880000000000564e+02 2.882909999999999968e+02
5.784149999999999636e+02 2.474379999999999882e+02 5.278319999999999936e+02 3.056610000000000014e+02
5.789450000000000500e+02 2.715729999999999791e+02 5.278319999999999936e+02 3.056610000000000014e+02
5.791399999999999864e+02 2.884259999999999877e+02 5.253529999999999518e+02 2.586039999999999850e+02
5.794950000000000045e+02 2.885199999999999818e+02 5.253529999999999518e+02 2.586039999999999850e+02
5.811299999999999955e+02 3.804759999999999991e+02 5.270579999999999927e+02 3.907900000000000205e+02
5.851250000000000000e+02 1.497769999999999868e+02 5.386219999999999573e+02 1.413710000000000093e+02
5.855620000000000118e+02 2.531150000000000091e+02 5.349700000000000273e+02 2.422479999999999905e+02
5.874039999999999964e+02 3.824689999999999941e+02 5.347259999999999991e+02 3.929830000000000041e+02
5.894519999999999982e+02 1.741250000000000000e+02 5.434220000000000255e+02 1.649780000000000086e+02
5.916670000000000300e+02 2.211870000000000118e+02 5.449610000000000127e+02 2.153590000000000089e+02
5.925560000000000400e+02 5.427809999999999491e+02 2.109530000000000030e+02 5.159610000000000127e+02
5.930520000000000209e+02 5.419149999999999636e+02 2.109530000000000030e+02 5.159610000000000127e+02
5.958579999999999472e+02 3.063210000000000264e+02 5.485270000000000437e+02 3.083020000000000209e+02
5.960370000000000346e+02 3.116499999999999773e+02 5.486799999999999500e+02 3.145629999999999882e+02
5.962569999999999482e+02 3.916379999999999768e+02 5.468719999999999573e+02 4.034929999999999950e+02
5.971499999999999773e+02 3.984750000000000227e+02 5.481779999999999973e+02 4.108550000000000182e+02
5.982680000000000291e+02 5.497250000000000227e+02 2.624399999999999977e+02 5.099599999999999795e+02
5.991019999999999754e+02 3.340760000000000218e+02 5.515030000000000427e+02 3.284150000000000205e+02
6.004429999999999836e+02 4.126490000000000009e+02 5.475890000000000555e+02 4.273319999999999936e+02
6.087590000000000146e+02 3.736120000000000232e+02 5.641399999999999864e+02 3.836150000000000091e+02
6.126639999999999873e+02 1.805579999999999927e+02 5.738529999999999518e+02 1.731069999999999993e+02
6.133899999999999864e+02 3.934289999999999736e+02 5.703759999999999764e+02 4.059139999999999873e+02
6.151000000000000227e+02 2.061500000000000057e+02 5.773619999999999663e+02 2.002359999999999900e+02
6.156609999999999445e+02 2.007920000000000016e+02 2.799689999999999941e+02 2.176040000000000134e+02
6.157699999999999818e+02 2.322079999999999984e+02 5.763509999999999991e+02 2.285440000000000111e+02
6.168029999999999973e+02 5.513830000000000382e+02 3.527730000000000246e+02 4.780980000000000132e+02
6.172340000000000373e+02 3.929169999999999732e+02 5.753020000000000209e+02 4.051290000000000191e+02
6.183959999999999582e+02 1.986999999999999886e+02 6.023930000000000291e+02 2.024459999999999980e+02
6.184769999999999754e+02 2.168990000000000009e+02 5.807409999999999854e+02 2.121699999999999875e+02
6.185599999999999454e+02 1.944029999999999916e+02 6.214080000000000155e+02 2.096649999999999920e+02
6.186100000000000136e+02 3.236709999999999923e+02 5.783920000000000528e+02 3.280779999999999745e+02
6.189339999999999691e+02 1.693640000000000043e+02 5.818840000000000146e+02 1.617669999999999959e+02
6.209210000000000491e+02 2.208940000000000055e+02 5.839500000000000455e+02 2.179079999999999870e+02
6.209210000000000491e+02 2.208940000000000055e+02 5.839500000000000455e+02 2.179079999999999870e+02
6.210270000000000437e+02 3.123149999999999977e+02 5.979020000000000437e+02 3.761229999999999905e+02
6.219389999999999645e+02 3.368199999999999932e+02 5.829139999999999873e+02 3.427189999999999941e+02
6.222350000000000136e+02 2.333909999999999911e+02 5.851660000000000537e+02 2.287800000000000011e+02
6.227680000000000291e+02 3.931150000000000091e+02 5.828540000000000418e+02 4.048840000000000146e+02
6.227899999999999636e+02 3.929139999999999873e+02 5.828540000000000418e+02 4.048840000000000146e+02
6.230539999999999736e+02 2.411320000000000050e+02 5.865389999999999873e+02 2.386189999999999998e+02
6.243379999999999654e+02 3.183349999999999795e+02 5.865259999999999536e+02 3.229220000000000255e+02
6.245689999999999600e+02 2.262050000000000125e+02 3.633120000000000118e+02 4.577219999999999800e+02
6.255629999999999882e+02 1.769629999999999939e+02 5.901660000000000537e+02 1.693660000000000139e+02
6.260170000000000528e+02 1.905120000000000005e+02 5.909199999999999591e+02 1.835209999999999866e+02
6.263039999999999736e+02 2.875860000000000127e+02 5.896019999999999754e+02 2.886009999999999991e+02
6.273859999999999673e+02 2.101160000000000139e+02 6.125130000000000337e+02 2.159269999999999925e+02
6.277960000000000491e+02 2.165780000000000030e+02 5.929289999999999736e+02 2.120039999999999907e+02
6.279160000000000537e+02 2.921600000000000250e+02 6.128719999999999573e+02 3.005450000000000159e+02
6.297590000000000146e+02 2.385680000000000121e+02 5.949220000000000255e+02 2.351169999999999902e+02
6.297590000000000146e+02 2.385680000000000121e+02 5.949220000000000255e+02 2.351169999999999902e+02
6.309759999999999991e+02 3.501970000000000027e+02 5.941929999999999836e+02 3.591009999999999991e+02
6.310149999999999864e+02 2.667250000000000227e+02 6.164450000000000500e+02 2.733799999999999955e+02
6.311509999999999536e+02 3.635620000000000118e+02 5.979020000000000437e+02 3.761229999999999905e+02
6.318010000000000446e+02 2.763340000000000032e+02 5.974519999999999982e+02 2.768380000000000223e+02
6.321480000000000246e+02 2.146299999999999955e+02 5.985249999999999773e+02 2.106839999999999975e+02
6.321760000000000446e+02 3.929739999999999895e+02 5.957549999999999955e+02 4.055049999999999955e+02
6.324370000000000118e+02 3.770090000000000146e+02 5.960280000000000200e+02 3.877400000000000091e+02
6.337140000000000555e+02 3.128140000000000214e+02 5.986939999999999600e+02 3.169370000000000118e+02
6.337140000000000555e+02 3.128140000000000214e+02 6.057430000000000518e+02 2.636329999999999814e+02
6.345860000000000127e+02 3.276979999999999791e+02 5.998369999999999891e+02 3.330769999999999982e+02
6.349099999999999682e+02 2.041539999999999964e+02 6.214080000000000155e+02 2.096649999999999920e+02
6.350330000000000155e+02 2.082489999999999952e+02 6.023930000000000291e+02 2.024459999999999980e+02
6.359320000000000164e+02 3.731379999999999768e+02 5.865259999999999536e+02 3.229220000000000255e+02
6.360549999999999500e+02 3.804700000000000273e+02 6.006849999999999454e+02 3.919060000000000059e+02
6.362530000000000427e+02 3.681279999999999859e+02 6.099980000000000473e+02 3.230409999999999968e+02
6.362530000000000427e+02 3.681279999999999859e+02 6.099980000000000473e+02 3.230409999999999968e+02
6.373160000000000309e+02 2.300749999999999886e+02 6.051029999999999518e+02 2.274610000000000127e+02
6.378319999999999936e+02 2.541119999999999948e+02 6.051340000000000146e+02 2.526270000000000095e+02
6.383680000000000518e+02 2.645339999999999918e+02 6.057430000000000518e+02 2.636329999999999814e+02
6.384909999999999854e+02 3.761279999999999859e+02 6.034950000000000045e+02 3.873389999999999986e+02
6.389450000000000500e+02 2.719289999999999736e+02 6.063600000000000136e+02 2.716399999999999864e+02
6.397599999999999909e+02 2.440879999999999939e+02 6.078949999999999818e+02 2.415790000000000077e+02
6.399850000000000136e+02 2.289660000000000082e+02 6.088020000000000209e+02 2.257500000000000000e+02
6.404230000000000018e+02 2.895670000000000073e+02 6.082549999999999955e+02 2.910059999999999718e+02
6.408479999999999563e+02 1.864499999999999886e+02 6.087960000000000491e+02 1.771560000000000059e+02
6.410789999999999509e+02 4.130539999999999736e+02 2.884580000000000268e+02 3.814289999999999736e+02
6.421180000000000518e+02 3.194379999999999882e+02 6.164450000000000500e+02 2.733799999999999955e+02
6.424360000000000355e+02 2.117789999999999964e+02 6.121459999999999582e+02 2.076279999999999859e+02
6.427749999999999773e+02 2.190209999999999866e+02 6.125130000000000337e+02 2.159269999999999925e+02
6.428200000000000500e+02 3.464759999999999991e+02 6.299389999999999645e+02 3.576190000000000282e+02
6.438390000000000555e+02 2.980369999999999777e+02 6.128719999999999573e+02 3.005450000000000159e+02
6.457609999999999673e+02 4.703330000000000268e+02 5.962720000000000482e+02 4.851000000000000227e+02
6.459869999999999663e+02 1.982560000000000002e+02 6.226559999999999491e+02 1.947949999999999875e+02
6.465449999999999591e+02 2.730729999999999791e+02 6.164450000000000500e+02 2.733799999999999955e+02
6.473750000000000000e+02 2.808020000000000209e+02 6.179070000000000391e+02 2.832099999999999795e+02
6.475789999999999509e+02 2.285850000000000080e+02 6.184360000000000355e+02 2.256109999999999900e+02
6.480000000000000000e+02 2.527640000000000100e+02 5.990610000000000355e+02 2.436250000000000000e+02
6.484099999999999682e+02 3.045590000000000259e+02 6.051340000000000146e+02 2.526270000000000095e+02
6.504640000000000555e+02 3.305360000000000014e+02 6.206689999999999827e+02 3.364560000000000173e+02
6.517250000000000227e+02 2.447119999999999891e+02 6.279840000000000373e+02 2.457009999999999934e+02
6.522069999999999936e+02 3.756569999999999823e+02 5.865259999999999536e+02 3.229220000000000255e+02
6.522359999999999900e+02 3.708419999999999845e+02 6.099980000000000473e+02 3.230409999999999968e+02
6.525729999999999791e+02 4.423109999999999786e+02 6.335750000000000455e+02 2.616469999999999914e+02
6.550789999999999509e+02 2.138249999999999886e+02 6.279239999999999782e+02 2.105610000000000070e+02
6.551570000000000391e+02 2.932860000000000014e+02 6.274790000000000418e+02 2.956610000000000014e+02
6.551620000000000346e+02 7.866249999999999432e+01 6.905650000000000546e+02 8.915200000000000102e+01
6.554379999999999882e+02 2.914479999999999791e+02 5.289869999999999663e+02 3.223709999999999809e+02
6.572279999999999518e+02 3.238670000000000186e+02 6.099980000000000473e+02 3.230409999999999968e+02
6.585969999999999800e+02 5.380639999999999645e+02 6.820529999999999973e+02 5.172749999999999773e+02
6.591820000000000164e+02 2.546040000000000134e+02 6.325900000000000318e+02 2.534079999999999870e+02
6.595549999999999500e+02 2.606970000000000027e+02 6.335750000000000455e+02 2.616469999999999914e+02
6.599009999999999536e+02 1.931049999999999898e+02 6.342709999999999582e+02 1.893309999999999889e+02
6.626159999999999854e+02 3.043020000000000209e+02 6.367839999999999918e+02 3.081309999999999718e+02
6.643890000000000100e+02 3.298559999999999945e+02 6.311820000000000164e+02 2.390109999999999957e+02
6.662480000000000473e+02 5.348360000000000127e+02 7.192459999999999809e+02 5.099420000000000073e+02
6.690170000000000528e+02 3.274279999999999973e+02 5.113650000000000091e+02 1.786500000000000057e+02
6.692749999999999773e+02 4.664839999999999804e+02 5.171309999999999718e+02 4.939060000000000059e+02
6.698840000000000146e+02 3.325590000000000259e+02 5.125739999999999554e+02 2.415949999999999989e+02
6.730190000000000055e+02 3.327789999999999964e+02 1.466959999999999980e+02 5.869719999999999800e+02
6.745280000000000200e+02 3.374379999999999882e+02 6.774199999999999591e+02 3.361469999999999914e+02
6.746150000000000091e+02 3.899920000000000186e+02 5.567129999999999654e+02 4.846879999999999882e+02
6.751920000000000073e+02 3.971190000000000282e+02 6.335750000000000455e+02 2.616469999999999914e+02
6.863859999999999673e+02 5.287440000000000282e+02 5.582369999999999663e+02 5.445819999999999936e+02
7.132459999999999809e+02 5.909529999999999745e+02 7.131470000000000482e+02 5.909470000000000027e+02
7.158619999999999663e+02 5.200240000000000009e+02 7.682720000000000482e+02 5.009630000000000223e+02
7.216130000000000564e+02 5.149249999999999545e+02 7.107899999999999636e+02 5.085169999999999959e+02
7.226920000000000073e+02 3.456569999999999823e+02 7.457609999999999673e+02 3.579259999999999877e+02
7.230940000000000509e+02 4.563890000000000100e+02 6.212169999999999845e+02 4.796290000000000191e+02
7.230940000000000509e+02 4.563890000000000100e+02 6.212169999999999845e+02 4.796290000000000191e+02
7.280839999999999463e+02 3.464200000000000159e+02 7.516799999999999500e+02 3.587880000000000109e+02
7.382380000000000564e+02 3.716229999999999905e+02 7.324279999999999973e+02 3.759270000000000209e+02
7.386150000000000091e+02 3.481039999999999850e+02 7.631269999999999527e+02 3.607749999999999773e+02
7.582200000000000273e+02 4.344920000000000186e+02 7.310739999999999554e+02 4.524370000000000118e+02
7.652970000000000255e+02 4.333249999999999886e+02 7.412450000000000045e+02 4.510899999999999750e+02
7.740140000000000100e+02 4.325339999999999918e+02 7.540159999999999627e+02 4.503389999999999986e+02
7.918479999999999563e+02 3.052520000000000095e+02 7.918479999999999563e+02 3.052520000000000095e+02
7.928519999999999754e+02 2.542539999999999907e+02 7.918479999999999563e+02 3.052520000000000095e+02
7.947259999999999991e+02 5.920819999999999936e+02 7.939940000000000282e+02 5.915399999999999636e+02
7.948429999999999609e+02 1.902990000000000066e+02 7.918479999999999563e+02 3.052520000000000095e+02
