2.170730000000000004e+01 4.508999999999999773e+02 2.859470000000000027e+02 5.476280000000000427e+02
4.226780000000000115e+01 4.205910000000000082e+02 7.639009999999999536e+02 4.902180000000000177e+02
4.520969999999999800e+01 4.069669999999999845e+02 7.639009999999999536e+02 4.902180000000000177e+02
5.470580000000000354e+01 5.173519999999999754e+02 5.409829999999999472e+02 2.288480000000000132e+02
6.902920000000000300e+01 1.934000000000000057e+02 5.541129999999999711e+01 1.960180000000000007e+02
7.089339999999999975e+01 1.819790000000000134e+02 5.993229999999999791e+01 1.855800000000000125e+02
7.281940000000000168e+01 1.920389999999999873e+02 6.015769999999999840e+01 1.955219999999999914e+02
7.749949999999999761e+01 2.266339999999999861e+02 4.669969999999999999e+01 3.346379999999999768e+02
8.306570000000000675e+01 1.866479999999999961e+02 6.976349999999999341e+01 1.900689999999999884e+02
8.561950000000000216e+01 1.901229999999999905e+02 7.523739999999999384e+01 1.941349999999999909e+02
8.585760000000000502e+01 2.179770000000000039e+02 7.409359999999999502e+01 2.219540000000000077e+02
8.716700000000000159e+01 2.099550000000000125e+02 7.465649999999999409e+01 2.140219999999999914e+02
9.112669999999999959e+01 1.910300000000000011e+02 7.951099999999999568e+01 1.944470000000000027e+02
9.243890000000000384e+01 1.878110000000000070e+02 8.056470000000000198e+01 1.912199999999999989e+02
9.270199999999999818e+01 1.984809999999999945e+02 8.253430000000000177e+01 2.025780000000000030e+02
9.539060000000000628e+01 3.597959999999999923e+02 1.773789999999999978e+01 1.724590000000000032e+02
9.712720000000000198e+01 1.905589999999999975e+02 8.517409999999999570e+01 1.938870000000000005e+02
9.896550000000000580e+01 2.292340000000000089e+02 8.878579999999999472e+01 2.328369999999999891e+02
9.897610000000000241e+01 2.865059999999999718e+02 8.476999999999999602e+01 2.905079999999999814e+02
9.986159999999999570e+01 2.147659999999999911e+02 8.962069999999999936e+01 2.184679999999999893e+02
1.008239999999999981e+02 2.995819999999999936e+02 1.907949999999999875e+02 3.030400000000000205e+02
1.010000000000000000e+02 5.159320000000000164e+02 4.024649999999999750e+02 5.298930000000000291e+02
1.010250000000000057e+02 2.211589999999999918e+02 9.069710000000000605e+01 2.252069999999999936e+02
1.035210000000000008e+02 2.315260000000000105e+02 9.370000000000000284e+01 2.358189999999999884e+02
1.049560000000000031e+02 2.181049999999999898e+02 9.488549999999999329e+01 2.217729999999999961e+02
1.053490000000000038e+02 4.452350000000000136e+02 3.731129999999999995e+02 4.691890000000000214e+02
1.060139999999999958e+02 2.087150000000000034e+02 9.494299999999999784e+01 2.119730000000000132e+02
1.109770000000000039e+02 2.167500000000000000e+02 1.013199999999999932e+02 2.205540000000000020e+02
1.151069999999999993e+02 2.097330000000000041e+02 1.047770000000000010e+02 2.129279999999999973e+02
1.151069999999999993e+02 2.097330000000000041e+02 1.047770000000000010e+02 2.129279999999999973e+02
1.153589999999999947e+02 2.205939999999999941e+02 1.057300000000000040e+02 2.241539999999999964e+02
1.169639999999999986e+02 4.435009999999999764e+02 2.469089999999999918e+01 4.496859999999999786e+02
1.216509999999999962e+02 4.453260000000000218e+02 2.469089999999999918e+01 4.496859999999999786e+02
1.230639999999999930e+02 2.617730000000000246e+02 1.108649999999999949e+02 2.658559999999999945e+02
1.273469999999999942e+02 2.593330000000000268e+02 1.142309999999999945e+02 2.618679999999999950e+02
1.287510000000000048e+02 5.413819999999999482e+02 3.487210000000000036e+02 2.838290000000000077e+02
1.293300000000000125e+02 2.240620000000000118e+02 1.221020000000000039e+02 2.289670000000000130e+02
1.320540000000000020e+02 5.096320000000000050e+02 7.721280000000000427e+02 4.776229999999999905e+02
1.329840000000000089e+02 2.590240000000000009e+02 1.198900000000000006e+02 2.615609999999999786e+02
1.333110000000000070e+02 2.385279999999999916e+02 1.203400000000000034e+02 2.413470000000000084e+02
1.342940000000000111e+02 2.481879999999999882e+02 1.211830000000000069e+02 2.516750000000000114e+02
1.359149999999999920e+02 5.030090000000000146e+02 2.990880000000000223e+02 4.626290000000000191e+02
1.378499999999999943e+02 2.626870000000000118e+02 1.251320000000000050e+02 2.659660000000000082e+02
1.424579999999999984e+02 2.563600000000000136e+02 1.300269999999999868e+02 2.596179999999999950e+02
1.458839999999999861e+02 5.082540000000000191e+02 2.975869999999999891e+02 1.729759999999999991e+02
1.480430000000000064e+02 5.592229999999999563e+02 5.048629999999999995e+02 4.529610000000000127e+02
1.516150000000000091e+02 2.972850000000000250e+02 1.406949999999999932e+02 2.998079999999999927e+02
1.588909999999999911e+02 3.820210000000000150e+02 1.907949999999999875e+02 3.030400000000000205e+02
1.591610000000000014e+02 2.719719999999999800e+02 1.470939999999999941e+02 2.711549999999999727e+02
1.606260000000000048e+02 4.632090000000000032e+02 4.771130000000000138e+01 4.712389999999999759e+02
1.715289999999999964e+02 3.730500000000000114e+02 1.935480000000000018e+02 3.008550000000000182e+02
1.754370000000000118e+02 5.467369999999999663e+02 2.574279999999999973e+02 5.369329999999999927e+02
1.804509999999999934e+02 5.462530000000000427e+02 2.660640000000000214e+02 5.380130000000000337e+02
1.910560000000000116e+02 5.549429999999999836e+02 5.866100000000000136e+02 2.475399999999999920e+02
2.033180000000000121e+02 2.743220000000000027e+02 5.598419999999999845e+02 2.746659999999999968e+02
2.033629999999999995e+02 2.742099999999999795e+02 5.598419999999999845e+02 2.746659999999999968e+02
2.258909999999999911e+02 2.783750000000000000e+02 1.936500000000000057e+02 2.779850000000000136e+02
2.362880000000000109e+02 5.455670000000000073e+02 3.001510000000000105e+02 5.371430000000000291e+02
2.443259999999999934e+02 2.871990000000000123e+02 2.072090000000000032e+02 2.863050000000000068e+02
2.449159999999999968e+02 3.102869999999999777e+02 2.063290000000000077e+02 3.095299999999999727e+02
2.490889999999999986e+02 3.779820000000000277e+02 1.895610000000000070e+02 3.927359999999999900e+02
2.502079999999999984e+02 2.992590000000000146e+02 2.110020000000000095e+02 2.974839999999999804e+02
2.512059999999999889e+02 3.287359999999999900e+02 2.096140000000000043e+02 3.295799999999999841e+02
2.529960000000000093e+02 3.512060000000000173e+02 2.099939999999999998e+02 3.522629999999999768e+02
2.547150000000000034e+02 3.339820000000000277e+02 2.124490000000000123e+02 3.332699999999999818e+02
2.551630000000000109e+02 3.829859999999999900e+02 2.536090000000000089e+02 3.751349999999999909e+02
2.613059999999999832e+02 3.548480000000000132e+02 2.165049999999999955e+02 3.553349999999999795e+02
2.624100000000000250e+02 2.955160000000000196e+02 2.203139999999999930e+02 2.946340000000000146e+02
2.641120000000000232e+02 3.035590000000000259e+02 2.207239999999999895e+02 3.045720000000000027e+02
2.680570000000000164e+02 1.894370000000000118e+02 2.355180000000000007e+02 1.855250000000000057e+02
2.685699999999999932e+02 2.908299999999999841e+02 2.251939999999999884e+02 2.894340000000000259e+02
2.758940000000000055e+02 4.612350000000000136e+02 1.898410000000000082e+02 4.691530000000000200e+02
2.774750000000000227e+02 1.834250000000000114e+02 2.441500000000000057e+02 1.793449999999999989e+02
2.787719999999999914e+02 2.975120000000000005e+02 2.329120000000000061e+02 2.952669999999999959e+02
2.790880000000000223e+02 4.589460000000000264e+02 1.938400000000000034e+02 4.664279999999999973e+02
2.817339999999999804e+02 2.729610000000000127e+02 2.363940000000000055e+02 2.703290000000000077e+02
2.818759999999999764e+02 4.561129999999999995e+02 1.971450000000000102e+02 4.627950000000000159e+02
2.847320000000000277e+02 1.761699999999999875e+02 7.347240000000000464e+02 3.524950000000000045e+02
2.852420000000000186e+02 2.287940000000000111e+02 2.416930000000000121e+02 2.237750000000000057e+02
2.864739999999999895e+02 3.378100000000000023e+02 2.365180000000000007e+02 3.387440000000000282e+02
2.866039999999999850e+02 3.629970000000000141e+02 2.354099999999999966e+02 3.638700000000000045e+02
2.866899999999999977e+02 5.510270000000000437e+02 3.456600000000000250e+02 5.368590000000000373e+02
2.893530000000000086e+02 3.461669999999999732e+02 2.383549999999999898e+02 3.457989999999999782e+02
2.905969999999999800e+02 2.457940000000000111e+02 2.536380000000000052e+02 3.471009999999999991e+02
2.908210000000000264e+02 2.712640000000000100e+02 2.432150000000000034e+02 2.668999999999999773e+02
2.908210000000000264e+02 2.712640000000000100e+02 2.432150000000000034e+02 2.668999999999999773e+02
2.920869999999999891e+02 2.891619999999999777e+02 2.438810000000000002e+02 2.851360000000000241e+02
2.925670000000000073e+02 1.824550000000000125e+02 3.420470000000000255e+02 1.454869999999999948e+02
2.932189999999999941e+02 2.239819999999999993e+02 2.479310000000000116e+02 2.184790000000000134e+02
2.961659999999999968e+02 3.460579999999999927e+02 2.441200000000000045e+02 3.448509999999999991e+02
2.965409999999999968e+02 3.388079999999999927e+02 2.442659999999999911e+02 3.383260000000000218e+02
2.965409999999999968e+02 3.388079999999999927e+02 2.442659999999999911e+02 3.383260000000000218e+02
3.002830000000000155e+02 2.878199999999999932e+02 2.503720000000000141e+02 2.841539999999999964e+02
3.002830000000000155e+02 2.878199999999999932e+02 2.503720000000000141e+02 2.841539999999999964e+02
3.006979999999999791e+02 2.288360000000000127e+02 2.547379999999999995e+02 2.217129999999999939e+02
3.009460000000000264e+02 2.963790000000000191e+02 2.501229999999999905e+02 2.927049999999999841e+02
3.023240000000000123e+02 2.740409999999999968e+02 2.523580000000000041e+02 2.699420000000000073e+02
3.023240000000000123e+02 2.740409999999999968e+02 2.523580000000000041e+02 2.699420000000000073e+02
3.023899999999999864e+02 4.631070000000000277e+02 2.096399999999999864e+02 4.707219999999999800e+02
3.023899999999999864e+02 4.631070000000000277e+02 2.096399999999999864e+02 4.707219999999999800e+02
3.024800000000000182e+02 2.175980000000000132e+02 2.559120000000000061e+02 2.103170000000000073e+02
3.040600000000000023e+02 2.115900000000000034e+02 2.573720000000000141e+02 2.044089999999999918e+02
3.063279999999999745e+02 3.722679999999999723e+02 2.503669999999999902e+02 3.732950000000000159e+02
3.069449999999999932e+02 4.475409999999999968e+02 2.573940000000000055e+02 4.550960000000000036e+02
3.073159999999999741e+02 2.765609999999999786e+02 2.561650000000000205e+02 2.721510000000000105e+02
3.076030000000000086e+02 2.160929999999999893e+02 2.598890000000000100e+02 2.085660000000000025e+02
3.095040000000000191e+02 2.893249999999999886e+02 2.584030000000000200e+02 2.819220000000000255e+02
3.118079999999999927e+02 2.801770000000000209e+02 2.598809999999999718e+02 2.747740000000000009e+02
3.132040000000000077e+02 3.304660000000000082e+02 2.583029999999999973e+02 3.284730000000000132e+02
3.165950000000000273e+02 2.781929999999999836e+02 2.639970000000000141e+02 2.726390000000000100e+02
3.169719999999999800e+02 3.340529999999999973e+02 2.609660000000000082e+02 3.320529999999999973e+02
3.174230000000000018e+02 3.409950000000000045e+02 2.617239999999999895e+02 3.384649999999999750e+02
3.174230000000000018e+02 3.409950000000000045e+02 2.617239999999999895e+02 3.384649999999999750e+02
3.201750000000000114e+02 2.782699999999999818e+02 2.664460000000000264e+02 2.723220000000000027e+02
3.224859999999999900e+02 2.843009999999999877e+02 5.431180000000000518e+02 1.499759999999999991e+02
3.249680000000000177e+02 4.611460000000000150e+02 2.475740000000000123e+02 4.687309999999999945e+02
3.250430000000000064e+02 5.385090000000000146e+02 5.869759999999999991e+02 2.779580000000000268e+02
3.254270000000000209e+02 4.534300000000000068e+02 2.480049999999999955e+02 4.605470000000000255e+02
3.258360000000000127e+02 4.481290000000000191e+02 2.488940000000000055e+02 4.535459999999999923e+02
3.258360000000000127e+02 4.481290000000000191e+02 2.488940000000000055e+02 4.535459999999999923e+02
3.263589999999999804e+02 1.715850000000000080e+02 2.465219999999999914e+02 1.824039999999999964e+02
3.275230000000000246e+02 4.668149999999999977e+02 2.270610000000000070e+02 4.749490000000000123e+02
3.283639999999999759e+02 4.039889999999999759e+02 2.663809999999999718e+02 4.066499999999999773e+02
3.342610000000000241e+02 3.226070000000000277e+02 2.752679999999999723e+02 3.200260000000000105e+02
3.343899999999999864e+02 2.634710000000000036e+02 2.784429999999999836e+02 2.573740000000000236e+02
3.344920000000000186e+02 2.494490000000000123e+02 2.789420000000000073e+02 2.417419999999999902e+02
3.346390000000000100e+02 2.699730000000000132e+02 2.785950000000000273e+02 2.630810000000000173e+02
3.368899999999999864e+02 2.060049999999999955e+02 5.825810000000000173e+02 2.176349999999999909e+02
3.371499999999999773e+02 3.051619999999999777e+02 2.790140000000000100e+02 3.007040000000000077e+02
3.374990000000000236e+02 3.303740000000000236e+02 2.778480000000000132e+02 3.270939999999999941e+02
3.376580000000000155e+02 3.301349999999999909e+02 2.778480000000000132e+02 3.270939999999999941e+02
3.391569999999999823e+02 2.781580000000000155e+02 2.819510000000000218e+02 2.724270000000000209e+02
3.401759999999999877e+02 2.561510000000000105e+02 2.834139999999999873e+02 2.499819999999999993e+02
3.401990000000000123e+02 2.859940000000000282e+02 2.824180000000000064e+02 2.800819999999999936e+02
3.429809999999999945e+02 2.024439999999999884e+02 2.894870000000000232e+02 1.909660000000000082e+02
3.429809999999999945e+02 2.024439999999999884e+02 2.894870000000000232e+02 1.909660000000000082e+02
3.484750000000000227e+02 3.290339999999999918e+02 2.870769999999999982e+02 3.261850000000000023e+02
3.486370000000000005e+02 2.767789999999999964e+02 2.893969999999999914e+02 2.708550000000000182e+02
3.490539999999999736e+02 1.829550000000000125e+02 2.945310000000000059e+02 1.709790000000000134e+02
3.497930000000000064e+02 2.037719999999999914e+02 2.962930000000000064e+02 1.931090000000000089e+02
3.502889999999999873e+02 2.043429999999999893e+02 2.962930000000000064e+02 1.931090000000000089e+02
3.510000000000000000e+02 3.037669999999999959e+02 2.898269999999999982e+02 2.983860000000000241e+02
3.510299999999999727e+02 2.054790000000000134e+02 2.962930000000000064e+02 1.931090000000000089e+02
3.523000000000000114e+02 4.646630000000000109e+02 2.688220000000000027e+02 4.734809999999999945e+02
3.534590000000000032e+02 2.070310000000000059e+02 5.602999999999999545e+02 3.127950000000000159e+02
3.550570000000000164e+02 2.912830000000000155e+02 2.946549999999999727e+02 2.852239999999999895e+02
3.552490000000000236e+02 3.003439999999999941e+02 2.941170000000000186e+02 2.945640000000000214e+02
3.563690000000000282e+02 4.685849999999999795e+02 2.726720000000000255e+02 4.790009999999999764e+02
3.575840000000000032e+02 3.206700000000000159e+02 2.966480000000000246e+02 3.165559999999999832e+02
3.575840000000000032e+02 3.206700000000000159e+02 2.966480000000000246e+02 3.165559999999999832e+02
3.576610000000000014e+02 3.276499999999999773e+02 2.961309999999999718e+02 3.241970000000000027e+02
3.589510000000000218e+02 2.447570000000000050e+02 3.000049999999999955e+02 2.349240000000000066e+02
3.600509999999999877e+02 3.744610000000000127e+02 2.974209999999999923e+02 3.747330000000000041e+02
3.605629999999999882e+02 3.782789999999999964e+02 2.977370000000000232e+02 3.788299999999999841e+02
3.640629999999999882e+02 4.573050000000000068e+02 2.838530000000000086e+02 4.651190000000000282e+02
3.641770000000000209e+02 5.831050000000000182e+02 5.602999999999999545e+02 3.127950000000000159e+02
3.667400000000000091e+02 3.264929999999999950e+02 3.071209999999999809e+02 3.230690000000000168e+02
3.687789999999999964e+02 5.809199999999999591e+02 5.463129999999999882e+02 2.457280000000000086e+02
3.692289999999999850e+02 3.333980000000000246e+02 3.097169999999999845e+02 3.304069999999999823e+02
3.693700000000000045e+02 4.034200000000000159e+02 3.081600000000000250e+02 4.063419999999999845e+02
3.715299999999999727e+02 5.337500000000000000e+02 6.788490000000000464e+02 3.204279999999999973e+02
3.725860000000000127e+02 3.924660000000000082e+02 3.101039999999999850e+02 3.941659999999999968e+02
3.725860000000000127e+02 3.924660000000000082e+02 3.101039999999999850e+02 3.941659999999999968e+02
3.731410000000000196e+02 2.282270000000000039e+02 3.178949999999999818e+02 2.181959999999999980e+02
3.731410000000000196e+02 2.282270000000000039e+02 3.178949999999999818e+02 2.181959999999999980e+02
3.770950000000000273e+02 1.519629999999999939e+02 3.640690000000000168e+02 1.338679999999999950e+02
3.779440000000000168e+02 2.609230000000000018e+02 3.224519999999999982e+02 2.531779999999999973e+02
3.779440000000000168e+02 2.609230000000000018e+02 3.224519999999999982e+02 2.531779999999999973e+02
3.781050000000000182e+02 2.471649999999999920e+02 3.230769999999999982e+02 2.384170000000000016e+02
3.781050000000000182e+02 2.471649999999999920e+02 3.230769999999999982e+02 2.384170000000000016e+02
3.789329999999999927e+02 4.623480000000000132e+02 3.835819999999999936e+02 4.754920000000000186e+02
3.791589999999999918e+02 2.830099999999999909e+02 3.234739999999999895e+02 2.766850000000000023e+02
3.849759999999999991e+02 2.170130000000000052e+02 3.323480000000000132e+02 2.066740000000000066e+02
3.849759999999999991e+02 2.170130000000000052e+02 3.323480000000000132e+02 2.066740000000000066e+02
3.859599999999999795e+02 1.908460000000000036e+02 3.319390000000000214e+02 1.844679999999999893e+02
3.873659999999999854e+02 4.553469999999999800e+02 3.056120000000000232e+02 4.636770000000000209e+02
3.886519999999999868e+02 2.530980000000000132e+02 3.354900000000000091e+02 2.447909999999999968e+02
3.917839999999999918e+02 4.593460000000000036e+02 3.089060000000000059e+02 4.682970000000000255e+02
3.935009999999999764e+02 4.673539999999999850e+02 2.743140000000000214e+02 4.719259999999999877e+02
3.963740000000000236e+02 4.774279999999999973e+02 2.270610000000000070e+02 4.749490000000000123e+02
3.993380000000000223e+02 2.508799999999999955e+02 3.484970000000000141e+02 2.424279999999999973e+02
3.999220000000000255e+02 2.338400000000000034e+02 5.598419999999999845e+02 2.746659999999999968e+02
4.000869999999999891e+02 4.677900000000000205e+02 2.818299999999999841e+02 4.729719999999999800e+02
4.003910000000000196e+02 2.620240000000000009e+02 3.491549999999999727e+02 2.542230000000000132e+02
4.014089999999999918e+02 1.953269999999999982e+02 3.522019999999999982e+02 1.840929999999999893e+02
4.014519999999999982e+02 2.483849999999999909e+02 3.514089999999999918e+02 2.404780000000000086e+02
4.016089999999999804e+02 1.746289999999999907e+02 3.884279999999999973e+02 1.756639999999999873e+02
4.017780000000000200e+02 2.030860000000000127e+02 3.523829999999999814e+02 1.923209999999999980e+02
4.020430000000000064e+02 1.435300000000000011e+02 3.640690000000000168e+02 1.338679999999999950e+02
4.039470000000000027e+02 2.724990000000000236e+02 5.626359999999999673e+02 2.516339999999999861e+02
4.048190000000000168e+02 4.649119999999999777e+02 2.864470000000000027e+02 4.700849999999999795e+02
4.056129999999999995e+02 2.967830000000000155e+02 2.255010000000000048e+02 5.373509999999999991e+02
4.062230000000000132e+02 1.768849999999999909e+02 3.676549999999999727e+02 1.684420000000000073e+02
4.064169999999999732e+02 2.470229999999999961e+02 6.413260000000000218e+02 3.825020000000000095e+02
4.066899999999999977e+02 1.811949999999999932e+02 3.581449999999999818e+02 1.698060000000000116e+02
4.099809999999999945e+02 1.778689999999999998e+02 3.711970000000000027e+02 1.693810000000000002e+02
4.108360000000000127e+02 1.408509999999999991e+02 3.726650000000000205e+02 1.305440000000000111e+02
4.191390000000000100e+02 4.578879999999999768e+02 2.990880000000000223e+02 4.626290000000000191e+02
4.199150000000000205e+02 1.669710000000000036e+02 3.817250000000000227e+02 1.569190000000000111e+02
4.202219999999999800e+02 5.324980000000000473e+02 1.091020000000000039e+02 5.531970000000000027e+02
4.204429999999999836e+02 2.703159999999999741e+02 3.717180000000000177e+02 2.613570000000000277e+02
4.211750000000000114e+02 2.471169999999999902e+02 3.744710000000000036e+02 2.391599999999999966e+02
4.217130000000000223e+02 2.016630000000000109e+02 6.093260000000000218e+02 1.591109999999999900e+02
4.240009999999999764e+02 2.411560000000000059e+02 3.768319999999999936e+02 2.621270000000000095e+02
4.242429999999999950e+02 2.165509999999999877e+02 3.786229999999999905e+02 2.068079999999999927e+02
4.256750000000000114e+02 2.065889999999999986e+02 3.803430000000000177e+02 1.963029999999999973e+02
4.257160000000000082e+02 1.678449999999999989e+02 4.329159999999999968e+02 1.414410000000000025e+02
4.264700000000000273e+02 1.380360000000000014e+02 3.376390000000000100e+02 1.463940000000000055e+02
4.278770000000000095e+02 1.848810000000000002e+02 3.884279999999999973e+02 1.756639999999999873e+02
4.331709999999999923e+02 1.688590000000000089e+02 4.514800000000000182e+02 1.391370000000000005e+02
4.381000000000000227e+02 4.758790000000000191e+02 3.068439999999999941e+02 4.813949999999999818e+02
4.419289999999999736e+02 1.801539999999999964e+02 4.003820000000000050e+02 1.702789999999999964e+02
4.433229999999999791e+02 4.841490000000000009e+02 2.270610000000000070e+02 4.749490000000000123e+02
4.449499999999999886e+02 1.621040000000000134e+02 4.329159999999999968e+02 1.414410000000000025e+02
4.474039999999999964e+02 1.290140000000000100e+02 4.085699999999999932e+02 1.165330000000000013e+02
4.559169999999999732e+02 4.985799999999999841e+02 5.824900000000000091e+02 2.123679999999999950e+02
4.561730000000000018e+02 4.992889999999999873e+02 5.824900000000000091e+02 2.123679999999999950e+02
4.595950000000000273e+02 2.053810000000000002e+02 4.211059999999999945e+02 1.949550000000000125e+02
4.605810000000000173e+02 5.233650000000000091e+02 6.788490000000000464e+02 3.204279999999999973e+02
4.722119999999999891e+02 1.541659999999999968e+02 4.329159999999999968e+02 1.414410000000000025e+02
4.725579999999999927e+02 1.540049999999999955e+02 4.329159999999999968e+02 1.414410000000000025e+02
4.729619999999999891e+02 1.858499999999999943e+02 4.648919999999999959e+02 1.650289999999999964e+02
4.744680000000000177e+02 1.824629999999999939e+02 4.668809999999999718e+02 1.618110000000000070e+02
4.746329999999999814e+02 1.200610000000000070e+02 4.452950000000000159e+02 1.021919999999999931e+02
4.751739999999999782e+02 4.703910000000000196e+02 2.664929999999999950e+02 4.675559999999999832e+02
4.752629999999999768e+02 4.664510000000000218e+02 3.835819999999999936e+02 4.754920000000000186e+02
4.784460000000000264e+02 5.909379999999999882e+02 5.781589999999999918e+02 5.898740000000000236e+02
4.796340000000000146e+02 2.201649999999999920e+02 4.499320000000000164e+02 2.082189999999999941e+02
4.858589999999999804e+02 2.185639999999999930e+02 4.668829999999999814e+02 2.464439999999999884e+02
4.861789999999999736e+02 2.792400000000000091e+02 4.667420000000000186e+02 2.691279999999999859e+02
4.891000000000000227e+02 4.734680000000000177e+02 2.945609999999999786e+02 4.784460000000000264e+02
4.923809999999999718e+02 5.066429999999999723e+02 3.294359999999999786e+02 5.255860000000000127e+02
4.925989999999999895e+02 4.661019999999999754e+02 3.835819999999999936e+02 4.754920000000000186e+02
4.930810000000000173e+02 4.850649999999999977e+02 3.687359999999999900e+02 4.983059999999999832e+02
4.936809999999999832e+02 4.585210000000000150e+02 3.786920000000000073e+02 4.670040000000000191e+02
4.972540000000000191e+02 4.584610000000000127e+02 4.183639999999999759e+02 4.665090000000000146e+02
5.038050000000000068e+02 1.125319999999999965e+02 3.376390000000000100e+02 1.463940000000000055e+02
5.068450000000000273e+02 1.303060000000000116e+02 4.621490000000000009e+02 1.187540000000000049e+02
5.084820000000000277e+02 1.111520000000000010e+02 4.477069999999999936e+02 1.037789999999999964e+02
5.093700000000000045e+02 2.755380000000000109e+02 4.667420000000000186e+02 2.691279999999999859e+02
5.105160000000000196e+02 5.868970000000000482e+02 4.351009999999999991e+02 5.879809999999999945e+02
5.124800000000000182e+02 4.578910000000000196e+02 4.183639999999999759e+02 4.665090000000000146e+02
5.141559999999999491e+02 1.752340000000000089e+02 4.735749999999999886e+02 1.621810000000000116e+02
5.145430000000000064e+02 2.095080000000000098e+02 4.743079999999999927e+02 1.978760000000000048e+02
5.150470000000000255e+02 1.125079999999999956e+02 4.761879999999999882e+02 9.465680000000000405e+01
5.157060000000000173e+02 2.142009999999999934e+02 4.746250000000000000e+02 2.033810000000000002e+02
5.158369999999999891e+02 2.041599999999999966e+02 4.748740000000000236e+02 1.926790000000000020e+02
5.164930000000000518e+02 1.940500000000000114e+02 4.754959999999999809e+02 1.816939999999999884e+02
5.173239999999999554e+02 2.663500000000000227e+02 4.751109999999999900e+02 2.591589999999999918e+02
5.179310000000000400e+02 1.088859999999999957e+02 4.788430000000000177e+02 9.254840000000000089e+01
5.180209999999999582e+02 2.061479999999999961e+02 4.769529999999999745e+02 1.946690000000000111e+02
5.212019999999999982e+02 1.391270000000000095e+02 4.829300000000000068e+02 1.949190000000000111e+02
5.214170000000000300e+02 5.095020000000000095e+02 3.661809999999999832e+02 5.293949999999999818e+02
5.220800000000000409e+02 1.725070000000000050e+02 4.820670000000000073e+02 1.586599999999999966e+02
5.225109999999999673e+02 1.115310000000000059e+02 4.840590000000000259e+02 9.538530000000000086e+01
5.243880000000000337e+02 2.483120000000000118e+02 4.833310000000000173e+02 2.391220000000000141e+02
5.248859999999999673e+02 2.541939999999999884e+02 4.836120000000000232e+02 2.457350000000000136e+02
5.253490000000000464e+02 2.754270000000000209e+02 4.837930000000000064e+02 2.686019999999999754e+02
5.261570000000000391e+02 1.082540000000000049e+02 5.451530000000000200e+02 1.129140000000000015e+02
5.275370000000000346e+02 2.521040000000000134e+02 4.868910000000000196e+02 2.433609999999999900e+02
5.277899999999999636e+02 1.945080000000000098e+02 4.880219999999999914e+02 1.819430000000000121e+02
5.292050000000000409e+02 1.790759999999999934e+02 4.906899999999999977e+02 1.667740000000000009e+02
5.300389999999999873e+02 3.174870000000000232e+02 4.881539999999999964e+02 3.129680000000000177e+02
5.304880000000000564e+02 2.558000000000000114e+02 4.897069999999999936e+02 2.469650000000000034e+02
5.331589999999999918e+02 5.011410000000000196e+02 3.861279999999999859e+02 5.190380000000000109e+02
5.344600000000000364e+02 4.688399999999999750e+02 3.902850000000000250e+02 4.801759999999999877e+02
5.347119999999999891e+02 2.475610000000000070e+02 4.950210000000000150e+02 2.383489999999999895e+02
5.354080000000000155e+02 1.190400000000000063e+02 4.989019999999999868e+02 1.035070000000000050e+02
5.395460000000000491e+02 1.209599999999999937e+02 5.040690000000000168e+02 1.059500000000000028e+02
5.416219999999999573e+02 1.393969999999999914e+02 5.059139999999999873e+02 1.268340000000000032e+02
5.426090000000000373e+02 1.979070000000000107e+02 6.102619999999999436e+02 1.699509999999999934e+02
5.448039999999999736e+02 1.893669999999999902e+02 5.104150000000000205e+02 1.774979999999999905e+02
5.449940000000000282e+02 1.398220000000000027e+02 5.098940000000000055e+02 1.272069999999999936e+02
5.457150000000000318e+02 1.830029999999999859e+02 5.114350000000000023e+02 1.716930000000000121e+02
5.474460000000000264e+02 1.261800000000000068e+02 5.130489999999999782e+02 1.111569999999999965e+02
5.478600000000000136e+02 2.636610000000000014e+02 3.364660000000000082e+02 4.850299999999999727e+02
5.493550000000000182e+02 2.568700000000000045e+02 5.138680000000000518e+02 2.493870000000000005e+02
5.502999999999999545e+02 2.020800000000000125e+02 5.154539999999999509e+02 1.910260000000000105e+02
5.505489999999999782e+02 1.366299999999999955e+02 5.166069999999999709e+02 1.229110000000000014e+02
5.509759999999999991e+02 2.919950000000000045e+02 5.154410000000000309e+02 2.869630000000000223e+02
5.519779999999999518e+02 1.871330000000000098e+02 5.173319999999999936e+02 1.752429999999999950e+02
5.521359999999999673e+02 1.400999999999999943e+02 5.187409999999999854e+02 1.265450000000000017e+02
5.523369999999999891e+02 2.607040000000000077e+02 5.168160000000000309e+02 2.529799999999999898e+02
5.523369999999999891e+02 2.607040000000000077e+02 5.168160000000000309e+02 2.529799999999999898e+02
5.530720000000000027e+02 1.589869999999999948e+02 5.193310000000000173e+02 1.457100000000000080e+02
5.531620000000000346e+02 1.298050000000000068e+02 5.198360000000000127e+02 1.152879999999999967e+02
5.546520000000000437e+02 1.899399999999999977e+02 5.244869999999999663e+02 2.923210000000000264e+02
5.546520000000000437e+02 1.899399999999999977e+02 5.244869999999999663e+02 2.923210000000000264e+02
5.554700000000000273e+02 2.043149999999999977e+02 5.210779999999999745e+02 1.934219999999999970e+02
5.556689999999999827e+02 2.589940000000000282e+02 5.203569999999999709e+02 2.510759999999999934e+02
5.573390000000000555e+02 2.945910000000000082e+02 5.173319999999999936e+02 1.752429999999999950e+02
5.578899999999999864e+02 1.320900000000000034e+02 5.249740000000000464e+02 1.170100000000000051e+02
5.591720000000000255e+02 1.469720000000000084e+02 5.259869999999999663e+02 1.329840000000000089e+02
5.592709999999999582e+02 3.896460000000000150e+02 5.218799999999999955e+02 3.914839999999999804e+02
5.592709999999999582e+02 3.896460000000000150e+02 5.218799999999999955e+02 3.914839999999999804e+02
5.594589999999999463e+02 1.769790000000000134e+02 5.261280000000000427e+02 1.646699999999999875e+02
5.596069999999999709e+02 1.671879999999999882e+02 5.260570000000000164e+02 1.530699999999999932e+02
5.597259999999999991e+02 1.584050000000000011e+02 5.263880000000000337e+02 1.457659999999999911e+02
5.597259999999999991e+02 1.584050000000000011e+02 5.263880000000000337e+02 1.457659999999999911e+02
5.600000000000000000e+02 2.975740000000000123e+02 5.244869999999999663e+02 2.923210000000000264e+02
5.614750000000000227e+02 3.247400000000000091e+02 5.257039999999999509e+02 3.213249999999999886e+02
5.614750000000000227e+02 3.247400000000000091e+02 5.285910000000000082e+02 3.922760000000000105e+02
5.616209999999999809e+02 5.858429999999999609e+02 5.647970000000000255e+02 5.867759999999999536e+02
5.616779999999999973e+02 1.925490000000000066e+02 5.280430000000000064e+02 1.804540000000000077e+02
5.623840000000000146e+02 2.804739999999999895e+02 5.276059999999999945e+02 2.743940000000000055e+02
5.624389999999999645e+02 3.453969999999999914e+02 5.265349999999999682e+02 3.435149999999999864e+02
5.631609999999999445e+02 2.070939999999999941e+02 5.293179999999999836e+02 1.959089999999999918e+02
5.649869999999999663e+02 3.903919999999999959e+02 5.285910000000000082e+02 3.922760000000000105e+02
5.649869999999999663e+02 3.903919999999999959e+02 5.285910000000000082e+02 3.922760000000000105e+02
5.656870000000000118e+02 2.543849999999999909e+02 5.282699999999999818e+02 1.703400000000000034e+02
5.657160000000000082e+02 2.769719999999999800e+02 5.309510000000000218e+02 2.703779999999999859e+02
5.664180000000000064e+02 2.861630000000000109e+02 5.315810000000000173e+02 2.793079999999999927e+02
5.680960000000000036e+02 3.066770000000000209e+02 5.333569999999999709e+02 3.017529999999999859e+02
5.700879999999999654e+02 3.556039999999999850e+02 5.346290000000000191e+02 3.546240000000000236e+02
5.712770000000000437e+02 3.763519999999999754e+02 5.355480000000000018e+02 3.769010000000000105e+02
5.717559999999999718e+02 1.517050000000000125e+02 5.380389999999999873e+02 1.373139999999999930e+02
5.725249999999999773e+02 1.661030000000000086e+02 5.387989999999999782e+02 1.520840000000000032e+02
5.726380000000000337e+02 1.296040000000000134e+02 5.389930000000000518e+02 1.139620000000000033e+02
5.726380000000000337e+02 1.296040000000000134e+02 5.389930000000000518e+02 1.139620000000000033e+02
5.741159999999999854e+02 1.925029999999999859e+02 5.398790000000000191e+02 1.800099999999999909e+02
5.744589999999999463e+02 1.436539999999999964e+02 5.409130000000000109e+02 1.289170000000000016e+02
5.748360000000000127e+02 2.109420000000000073e+02 5.404239999999999782e+02 1.995190000000000055e+02
5.748920000000000528e+02 2.050279999999999916e+02 5.405240000000000009e+02 1.933269999999999982e+02
5.749039999999999964e+02 1.994199999999999875e+02 5.405990000000000464e+02 1.874979999999999905e+02
5.758830000000000382e+02 1.688509999999999991e+02 5.419769999999999754e+02 1.553240000000000123e+02
5.765289999999999964e+02 1.747810000000000059e+02 5.426340000000000146e+02 1.614130000000000109e+02
5.776219999999999573e+02 2.431189999999999998e+02 5.428999999999999773e+02 2.336150000000000091e+02
5.785529999999999973e+02 2.590950000000000273e+02 5.437590000000000146e+02 2.506550000000000011e+02
5.787019999999999982e+02 1.948309999999999889e+02 5.442730000000000246e+02 1.821250000000000000e+02
5.789519999999999982e+02 2.195120000000000005e+02 5.444819999999999709e+02 2.085560000000000116e+02
5.790879999999999654e+02 2.743299999999999841e+02 5.440199999999999818e+02 2.667760000000000105e+02
5.794450000000000500e+02 2.694970000000000141e+02 5.444479999999999791e+02 2.618690000000000282e+02
5.795560000000000400e+02 1.590140000000000100e+02 5.466259999999999764e+02 1.453369999999999891e+02
5.800700000000000500e+02 2.859460000000000264e+02 5.447910000000000537e+02 2.792909999999999968e+02
5.813150000000000546e+02 3.109440000000000168e+02 5.459450000000000500e+02 3.060919999999999845e+02
5.817210000000000036e+02 2.665299999999999727e+02 5.468229999999999791e+02 2.585330000000000155e+02
5.820380000000000109e+02 2.538669999999999902e+02 5.509299999999999500e+02 3.054739999999999895e+02
5.823060000000000400e+02 3.208310000000000173e+02 5.470309999999999491e+02 3.165020000000000095e+02
5.825679999999999836e+02 3.159689999999999941e+02 5.470890000000000555e+02 3.115930000000000177e+02
5.828830000000000382e+02 3.336179999999999950e+02 5.473970000000000482e+02 3.303360000000000127e+02
5.833189999999999600e+02 2.878240000000000123e+02 5.482100000000000364e+02 2.811469999999999914e+02
5.834640000000000555e+02 3.386109999999999900e+02 5.476040000000000418e+02 3.360360000000000014e+02
5.838179999999999836e+02 3.428849999999999909e+02 5.480009999999999764e+02 3.406429999999999723e+02
5.839969999999999573e+02 1.406359999999999957e+02 5.524600000000000364e+02 1.260889999999999986e+02
5.848490000000000464e+02 3.762149999999999750e+02 5.487609999999999673e+02 3.761960000000000264e+02
5.851050000000000182e+02 3.762869999999999777e+02 5.487609999999999673e+02 3.761960000000000264e+02
5.860159999999999627e+02 3.099399999999999977e+02 5.509299999999999500e+02 3.054739999999999895e+02
5.860929999999999609e+02 3.861920000000000073e+02 5.501349999999999909e+02 3.876730000000000018e+02
5.862419999999999618e+02 3.365919999999999845e+02 5.509070000000000391e+02 3.336070000000000277e+02
5.866430000000000291e+02 3.909529999999999745e+02 5.506639999999999873e+02 3.924590000000000032e+02
5.868039999999999736e+02 4.061530000000000200e+02 5.506150000000000091e+02 4.091340000000000146e+02
5.869800000000000182e+02 3.326349999999999909e+02 5.519120000000000346e+02 3.297280000000000086e+02
5.874239999999999782e+02 3.454859999999999900e+02 5.520679999999999836e+02 3.432909999999999968e+02
5.875049999999999955e+02 3.235310000000000059e+02 5.528400000000000318e+02 3.198159999999999741e+02
5.875090000000000146e+02 3.542069999999999936e+02 5.520119999999999436e+02 3.526299999999999955e+02
5.876749999999999545e+02 1.533199999999999932e+02 5.565359999999999445e+02 1.392750000000000057e+02
5.877119999999999891e+02 3.455539999999999736e+02 5.520679999999999836e+02 3.432909999999999968e+02
5.881409999999999627e+02 5.850810000000000173e+02 5.888680000000000518e+02 5.848089999999999691e+02
5.890009999999999764e+02 1.817839999999999918e+02 5.573559999999999945e+02 1.718400000000000034e+02
5.893859999999999673e+02 3.902309999999999945e+02 5.537019999999999982e+02 3.918929999999999723e+02
5.896559999999999491e+02 2.386800000000000068e+02 5.575280000000000200e+02 2.292199999999999989e+02
5.899930000000000518e+02 3.737810000000000059e+02 5.548930000000000291e+02 3.734510000000000218e+02
5.903669999999999618e+02 2.836200000000000045e+02 5.575460000000000491e+02 2.770629999999999882e+02
5.904130000000000109e+02 2.447129999999999939e+02 5.583890000000000100e+02 2.351970000000000027e+02
5.907269999999999754e+02 2.018240000000000123e+02 5.587930000000000064e+02 1.896680000000000064e+02
5.910869999999999891e+02 2.504720000000000084e+02 5.586380000000000337e+02 2.409540000000000077e+02
5.925259999999999536e+02 3.883149999999999977e+02 5.573840000000000146e+02 3.898419999999999845e+02
5.930190000000000055e+02 2.895219999999999914e+02 5.603859999999999673e+02 2.834780000000000086e+02
5.935549999999999500e+02 3.168899999999999864e+02 5.602999999999999545e+02 3.127950000000000159e+02
5.939349999999999454e+02 3.080179999999999723e+02 5.609640000000000555e+02 3.032919999999999732e+02
5.949320000000000164e+02 3.318740000000000236e+02 5.609640000000000555e+02 3.032919999999999732e+02
5.953010000000000446e+02 1.708789999999999907e+02 5.652899999999999636e+02 1.579130000000000109e+02
5.970199999999999818e+02 1.543379999999999939e+02 5.671770000000000209e+02 1.414360000000000070e+02
5.975220000000000482e+02 2.354379999999999882e+02 5.643920000000000528e+02 2.247290000000000134e+02
5.976939999999999600e+02 4.026089999999999804e+02 5.636109999999999900e+02 4.055620000000000118e+02
5.979020000000000437e+02 3.652429999999999950e+02 5.576359999999999673e+02 2.439840000000000089e+02
5.980180000000000291e+02 3.144540000000000077e+02 5.650720000000000027e+02 3.104329999999999927e+02
5.997509999999999764e+02 2.312669999999999959e+02 5.701499999999999773e+02 2.219910000000000139e+02
6.002559999999999718e+02 1.705689999999999884e+02 5.714629999999999654e+02 1.577059999999999889e+02
6.012820000000000391e+02 2.029819999999999993e+02 5.740030000000000427e+02 2.186610000000000014e+02
6.021639999999999873e+02 1.776620000000000061e+02 5.735750000000000455e+02 1.657450000000000045e+02
6.034510000000000218e+02 2.286059999999999945e+02 5.740030000000000427e+02 2.186610000000000014e+02
6.038609999999999900e+02 2.018350000000000080e+02 5.750529999999999973e+02 1.903600000000000136e+02
6.056130000000000564e+02 2.886569999999999823e+02 5.759950000000000045e+02 2.825960000000000036e+02
6.058150000000000546e+02 2.270939999999999941e+02 5.769139999999999873e+02 2.170459999999999923e+02
6.066090000000000373e+02 2.052009999999999934e+02 5.781770000000000209e+02 1.942740000000000009e+02
6.066090000000000373e+02 2.052009999999999934e+02 5.781770000000000209e+02 1.942740000000000009e+02
6.066430000000000291e+02 2.360569999999999879e+02 5.777010000000000218e+02 2.264950000000000045e+02
6.068830000000000382e+02 3.702010000000000218e+02 5.716609999999999445e+02 3.693720000000000141e+02
6.069370000000000118e+02 1.732980000000000018e+02 5.789990000000000236e+02 1.603420000000000130e+02
6.086299999999999955e+02 2.295060000000000002e+02 5.801140000000000327e+02 2.200610000000000070e+02
6.100370000000000346e+02 2.173040000000000020e+02 4.674519999999999982e+02 3.016510000000000105e+02
6.106040000000000418e+02 2.226059999999999945e+02 5.824900000000000091e+02 2.123679999999999950e+02
6.109220000000000255e+02 2.902459999999999809e+02 5.819829999999999472e+02 2.851820000000000164e+02
6.109389999999999645e+02 2.275409999999999968e+02 5.825810000000000173e+02 2.176349999999999909e+02
6.129869999999999663e+02 3.183609999999999900e+02 5.838260000000000218e+02 3.141840000000000259e+02
6.130109999999999673e+02 4.332099999999999795e+02 5.799189999999999827e+02 4.390740000000000123e+02
6.132160000000000082e+02 2.879440000000000168e+02 5.848509999999999991e+02 2.822069999999999936e+02
6.133540000000000418e+02 3.238960000000000150e+02 5.842340000000000373e+02 3.208450000000000273e+02
6.154959999999999809e+02 4.118360000000000127e+02 5.846019999999999754e+02 4.157189999999999941e+02
6.166280000000000427e+02 4.193629999999999995e+02 5.863250000000000455e+02 4.243670000000000186e+02
6.175270000000000437e+02 3.995899999999999750e+02 5.874650000000000318e+02 4.021519999999999868e+02
6.182409999999999854e+02 4.031379999999999768e+02 5.879660000000000082e+02 4.061549999999999727e+02
6.183390000000000555e+02 5.016700000000000159e+02 4.789649999999999750e+02 5.209249999999999545e+02
6.214819999999999709e+02 4.973890000000000100e+02 4.834689999999999941e+02 5.156250000000000000e+02
6.241200000000000045e+02 4.127930000000000064e+02 5.953669999999999618e+02 4.168539999999999850e+02
6.252129999999999654e+02 3.730470000000000255e+02 5.978310000000000173e+02 3.737749999999999773e+02
6.271960000000000264e+02 5.061999999999999886e+02 4.887099999999999795e+02 5.266449999999999818e+02
6.301839999999999691e+02 3.921490000000000009e+02 6.032730000000000246e+02 3.943120000000000118e+02
6.324550000000000409e+02 1.709770000000000039e+02 6.093260000000000218e+02 1.591109999999999900e+02
6.330059999999999718e+02 4.166080000000000041e+02 6.073579999999999472e+02 4.208860000000000241e+02
6.337150000000000318e+02 2.111109999999999900e+02 6.108980000000000246e+02 2.010459999999999923e+02
6.340080000000000382e+02 2.053329999999999984e+02 6.112619999999999436e+02 1.947959999999999923e+02
6.345099999999999909e+02 2.388269999999999982e+02 6.107630000000000337e+02 2.304989999999999952e+02
6.367160000000000082e+02 4.140389999999999873e+02 6.107540000000000191e+02 4.181460000000000150e+02
6.368550000000000182e+02 1.732909999999999968e+02 6.143540000000000418e+02 1.615409999999999968e+02
6.371530000000000200e+02 2.029629999999999939e+02 6.378300000000000409e+02 2.034540000000000077e+02
6.374909999999999854e+02 2.285999999999999943e+02 6.144199999999999591e+02 2.195049999999999955e+02
6.376119999999999663e+02 2.225819999999999936e+02 6.148569999999999709e+02 2.133379999999999939e+02
6.403319999999999936e+02 5.727210000000000036e+02 2.923170000000000073e+02 5.762459999999999809e+02
6.404750000000000227e+02 4.172330000000000041e+02 6.152390000000000327e+02 4.220219999999999914e+02
6.411130000000000564e+02 4.133519999999999754e+02 6.159020000000000437e+02 4.173559999999999945e+02
6.436689999999999827e+02 3.322239999999999895e+02 6.203390000000000555e+02 3.295520000000000209e+02
6.438740000000000236e+02 2.482110000000000127e+02 6.222010000000000218e+02 2.406370000000000005e+02
6.442490000000000236e+02 3.570090000000000146e+02 6.210099999999999909e+02 3.565350000000000250e+02
6.442839999999999918e+02 3.253980000000000246e+02 6.392630000000000337e+02 3.869580000000000268e+02
6.452680000000000291e+02 3.514750000000000227e+02 6.220539999999999736e+02 3.503439999999999941e+02
6.454299999999999500e+02 2.325550000000000068e+02 6.241390000000000100e+02 2.238750000000000000e+02
6.457229999999999563e+02 1.945850000000000080e+02 6.248930000000000291e+02 1.837199999999999989e+02
6.467440000000000282e+02 3.053559999999999945e+02 6.250520000000000209e+02 3.017789999999999964e+02
6.472110000000000127e+02 2.065929999999999893e+02 6.264230000000000018e+02 1.966150000000000091e+02
6.472110000000000127e+02 2.065929999999999893e+02 6.264230000000000018e+02 1.966150000000000091e+02
6.473360000000000127e+02 3.312090000000000032e+02 6.251330000000000382e+02 3.291190000000000282e+02
6.476530000000000200e+02 4.133659999999999854e+02 6.240499999999999545e+02 4.170889999999999986e+02
6.479049999999999727e+02 2.152019999999999982e+02 6.271820000000000164e+02 2.058480000000000132e+02
6.486090000000000373e+02 2.220819999999999936e+02 6.279529999999999745e+02 2.129569999999999936e+02
6.486950000000000500e+02 2.976429999999999723e+02 6.270270000000000437e+02 2.926759999999999877e+02
6.486950000000000500e+02 2.976429999999999723e+02 6.270270000000000437e+02 2.926759999999999877e+02
6.504030000000000200e+02 3.576200000000000045e+02 6.280979999999999563e+02 3.575439999999999827e+02
6.509579999999999700e+02 3.028190000000000168e+02 6.528880000000000337e+02 3.053269999999999982e+02
6.553189999999999600e+02 2.859420000000000073e+02 6.353799999999999955e+02 2.809719999999999800e+02
6.553189999999999600e+02 2.859420000000000073e+02 6.353799999999999955e+02 2.809719999999999800e+02
6.553379999999999654e+02 2.528710000000000093e+02 6.355689999999999600e+02 2.456370000000000005e+02
6.560349999999999682e+02 3.428210000000000264e+02 6.353029999999999973e+02 3.414529999999999745e+02
6.568500000000000227e+02 2.091220000000000141e+02 6.586820000000000164e+02 2.101970000000000027e+02
6.569719999999999800e+02 2.133509999999999991e+02 6.378300000000000409e+02 2.034540000000000077e+02
6.572179999999999609e+02 3.661240000000000236e+02 6.357839999999999918e+02 3.670099999999999909e+02
6.592870000000000346e+02 3.956549999999999727e+02 6.381549999999999727e+02 3.983070000000000164e+02
6.592980000000000018e+02 2.328389999999999986e+02 6.400059999999999718e+02 2.244509999999999934e+02
6.598579999999999472e+02 4.134420000000000073e+02 6.389460000000000264e+02 4.177509999999999764e+02
6.602069999999999936e+02 3.413750000000000000e+02 6.400900000000000318e+02 3.400280000000000200e+02
6.605750000000000455e+02 2.365269999999999868e+02 6.418129999999999882e+02 2.289540000000000077e+02
6.613260000000000218e+02 2.979399999999999977e+02 6.416870000000000118e+02 2.926549999999999727e+02
6.616760000000000446e+02 2.619569999999999936e+02 6.425030000000000427e+02 2.549989999999999952e+02
6.618849999999999909e+02 3.539700000000000273e+02 6.418460000000000036e+02 3.525899999999999750e+02
6.626219999999999573e+02 1.945509999999999877e+02 6.445190000000000055e+02 1.844350000000000023e+02
6.633479999999999563e+02 4.191449999999999818e+02 6.428049999999999500e+02 4.237819999999999823e+02
6.635800000000000409e+02 2.509960000000000093e+02 6.451140000000000327e+02 2.433439999999999941e+02
6.638390000000000555e+02 2.348110000000000070e+02 6.456280000000000427e+02 2.269530000000000030e+02
6.644389999999999645e+02 5.006800000000000068e+02 5.521549999999999727e+02 5.183540000000000418e+02
6.646250000000000000e+02 4.913770000000000095e+02 4.441569999999999823e+02 5.051659999999999968e+02
6.664370000000000118e+02 3.668879999999999768e+02 6.702440000000000282e+02 3.708029999999999973e+02
6.666119999999999663e+02 2.250089999999999861e+02 6.490430000000000064e+02 2.166759999999999877e+02
6.670710000000000264e+02 2.918980000000000246e+02 6.490729999999999791e+02 2.871449999999999818e+02
6.670810000000000173e+02 2.586650000000000205e+02 6.493799999999999955e+02 2.520449999999999875e+02
6.688390000000000555e+02 2.426289999999999907e+02 6.514859999999999900e+02 2.346250000000000000e+02
6.690829999999999700e+02 5.790099999999999909e+02 6.510729999999999791e+02 5.721409999999999627e+02
6.694529999999999745e+02 2.895609999999999786e+02 6.517450000000000045e+02 2.847069999999999936e+02
6.701749999999999545e+02 2.546510000000000105e+02 6.527160000000000082e+02 2.473799999999999955e+02
6.702290000000000418e+02 3.930149999999999864e+02 6.514850000000000136e+02 3.952379999999999995e+02
6.702290000000000418e+02 3.930149999999999864e+02 6.788869999999999436e+02 3.416519999999999868e+02
6.704170000000000300e+02 3.089780000000000086e+02 6.528880000000000337e+02 3.053269999999999982e+02
6.706359999999999673e+02 2.625339999999999918e+02 6.314360000000000355e+02 2.493470000000000084e+02
6.706559999999999491e+02 2.626909999999999741e+02 6.314360000000000355e+02 2.493470000000000084e+02
6.707000000000000455e+02 3.620830000000000268e+02 6.744089999999999918e+02 3.663020000000000209e+02
6.724880000000000564e+02 2.345829999999999984e+02 6.559389999999999645e+02 2.267139999999999986e+02
6.727179999999999609e+02 2.819940000000000282e+02 6.556920000000000073e+02 2.765980000000000132e+02
6.739249999999999545e+02 2.037429999999999950e+02 6.606799999999999500e+02 1.956850000000000023e+02
6.742369999999999663e+02 2.914359999999999786e+02 6.578429999999999609e+02 2.872989999999999782e+02
6.745710000000000264e+02 2.185740000000000123e+02 6.586820000000000164e+02 2.101970000000000027e+02
6.779120000000000346e+02 2.623690000000000282e+02 6.618529999999999518e+02 2.559919999999999902e+02
6.787690000000000055e+02 3.068149999999999977e+02 6.625639999999999645e+02 3.030480000000000018e+02
6.787949999999999591e+02 3.174010000000000105e+02 6.627219999999999800e+02 3.146610000000000014e+02
6.795209999999999582e+02 2.691159999999999854e+02 6.638819999999999482e+02 2.628279999999999745e+02
6.795389999999999873e+02 3.445819999999999936e+02 6.630750000000000455e+02 3.434189999999999827e+02
6.805729999999999791e+02 4.045930000000000177e+02 2.898269999999999982e+02 2.983860000000000241e+02
6.807269999999999754e+02 2.529209999999999923e+02 6.675190000000000055e+02 2.474259999999999877e+02
6.809149999999999636e+02 2.193880000000000052e+02 6.654619999999999891e+02 2.107160000000000082e+02
6.815660000000000309e+02 2.130310000000000059e+02 6.665159999999999627e+02 2.043830000000000098e+02
6.826549999999999727e+02 2.330159999999999911e+02 6.679009999999999536e+02 2.254600000000000080e+02
6.839020000000000437e+02 3.040419999999999732e+02 6.686799999999999500e+02 2.999479999999999791e+02
6.839020000000000437e+02 3.040419999999999732e+02 6.686799999999999500e+02 2.999479999999999791e+02
6.846979999999999791e+02 2.474230000000000018e+02 6.702799999999999727e+02 2.405240000000000009e+02
6.851259999999999764e+02 3.159850000000000136e+02 6.314360000000000355e+02 2.493470000000000084e+02
6.851280000000000427e+02 3.160969999999999800e+02 6.314360000000000355e+02 2.493470000000000084e+02
6.859410000000000309e+02 4.715570000000000164e+02 5.926119999999999663e+02 4.826030000000000086e+02
6.865190000000000055e+02 3.098090000000000259e+02 6.721109999999999900e+02 3.065079999999999814e+02
6.870009999999999764e+02 2.618999999999999773e+02 6.724880000000000564e+02 2.558489999999999895e+02
6.880130000000000337e+02 2.694920000000000186e+02 6.739160000000000537e+02 2.643059999999999832e+02
6.880130000000000337e+02 2.694920000000000186e+02 6.739160000000000537e+02 2.643059999999999832e+02
6.884059999999999491e+02 3.149209999999999923e+02 6.528880000000000337e+02 3.053269999999999982e+02
6.885180000000000291e+02 4.766059999999999945e+02 5.962680000000000291e+02 4.886039999999999850e+02
6.891480000000000246e+02 4.726039999999999850e+02 5.959070000000000391e+02 4.842749999999999773e+02
6.905650000000000546e+02 3.433870000000000005e+02 6.759039999999999964e+02 3.422880000000000109e+02
6.930910000000000082e+02 9.331529999999999347e+01 7.082569999999999482e+02 9.765930000000000177e+01
6.931539999999999964e+02 3.161630000000000109e+02 6.796789999999999736e+02 3.137359999999999900e+02
6.940850000000000364e+02 3.351370000000000005e+02 6.801799999999999500e+02 3.334490000000000123e+02
6.944980000000000473e+02 3.306870000000000118e+02 6.807980000000000018e+02 3.286279999999999859e+02
6.959230000000000018e+02 3.488070000000000164e+02 6.822060000000000173e+02 3.482559999999999718e+02
7.102340000000000373e+02 4.929809999999999945e+02 6.207400000000000091e+02 5.084619999999999891e+02
7.107140000000000555e+02 5.628559999999999945e+02 6.510729999999999791e+02 5.721409999999999627e+02
7.124289999999999736e+02 5.110269999999999868e+02 5.955969999999999800e+02 5.320599999999999454e+02
7.161259999999999764e+02 3.483290000000000077e+02 7.307740000000000009e+02 3.512420000000000186e+02
7.199959999999999809e+02 3.495199999999999818e+02 7.347240000000000464e+02 3.524950000000000045e+02
7.253390000000000555e+02 4.763310000000000173e+02 6.420170000000000528e+02 4.871850000000000023e+02
7.327100000000000364e+02 4.850040000000000191e+02 3.284959999999999809e+02 5.339700000000000273e+02
7.359099999999999682e+02 5.138379999999999654e+02 6.162920000000000300e+02 5.355839999999999463e+02
7.378419999999999845e+02 4.844169999999999732e+02 1.359579999999999984e+02 3.731569999999999823e+02
7.438400000000000318e+02 4.876109999999999900e+02 6.736340000000000146e+02 5.011840000000000259e+02
7.508269999999999982e+02 4.330830000000000268e+02 7.699669999999999845e+02 4.406720000000000255e+02
7.521319999999999482e+02 5.929850000000000136e+02 6.720960000000000036e+02 5.899550000000000409e+02
7.532930000000000064e+02 4.357099999999999795e+02 7.725289999999999964e+02 4.431580000000000155e+02
7.657780000000000200e+02 4.919789999999999850e+02 7.012699999999999818e+02 5.057900000000000205e+02
7.767939999999999827e+02 4.530169999999999959e+02 3.284959999999999809e+02 5.339700000000000273e+02
7.780890000000000555e+02 5.949769999999999754e+02 7.780710000000000264e+02 5.949809999999999945e+02
7.918479999999999563e+02 3.052520000000000095e+02 7.918479999999999563e+02 3.052520000000000095e+02
7.928509999999999991e+02 2.543029999999999973e+02 7.928529999999999518e+02 2.542620000000000005e+02
7.929020000000000437e+02 5.072769999999999868e+02 7.780710000000000264e+02 5.949809999999999945e+02
7.938640000000000327e+02 2.182709999999999866e+02 7.928529999999999518e+02 2.542620000000000005e+02
7.939249999999999545e+02 5.281499999999999773e+02 7.939690000000000509e+02 5.280839999999999463e+02
7.947569999999999482e+02 5.920620000000000118e+02 7.946820000000000164e+02 5.919610000000000127e+02
7.947569999999999482e+02 5.920620000000000118e+02 7.946820000000000164e+02 5.919610000000000127e+02
7.950769999999999982e+02 5.436059999999999945e+02 7.950620000000000118e+02 5.436449999999999818e+02
