7.155280000000000307e+00 1.979209999999999923e+02 1.125500000000000078e+01 2.252369999999999948e+02
1.796280000000000143e+01 2.464019999999999868e+02 3.599590000000000032e+02 1.889970000000000141e+02
2.254570000000000007e+01 3.305659999999999741e+02 5.278250000000000455e+02 4.439169999999999732e+02
4.875639999999999930e+01 3.347420000000000329e+01 6.100370000000000346e+02 2.173040000000000020e+02
4.975679999999999836e+01 5.402259999999999707e+01 2.117059999999999889e+02 5.469950000000000045e+02
5.520320000000000249e+01 4.890029999999999859e+02 2.408590000000000089e+02 4.551209999999999809e+02
5.743370000000000175e+01 5.949429999999999836e+02 7.780890000000000555e+02 5.949769999999999754e+02
5.891259999999999764e+01 2.000070000000000050e+02 8.906489999999999441e+01 2.283160000000000025e+02
5.891259999999999764e+01 2.000070000000000050e+02 8.906489999999999441e+01 2.283160000000000025e+02
5.960580000000000211e+01 1.609360000000000070e+02 9.112669999999999959e+01 1.910300000000000011e+02
6.106609999999999872e+01 4.296360000000000241e+02 3.356159999999999854e+02 1.957189999999999941e+02
6.529080000000000439e+01 1.913899999999999864e+02 9.661830000000000496e+01 2.199439999999999884e+02
6.632550000000000523e+01 1.608360000000000127e+02 9.712720000000000198e+01 1.905589999999999975e+02
6.992879999999999541e+01 1.859840000000000089e+02 9.986159999999999570e+01 2.147659999999999911e+02
7.021670000000000300e+01 1.686140000000000043e+02 1.000450000000000017e+02 1.980840000000000032e+02
7.042780000000000484e+01 1.928499999999999943e+02 1.010250000000000057e+02 2.211589999999999918e+02
7.135670000000000357e+01 5.939059999999999491e+02 4.784460000000000264e+02 5.909379999999999882e+02
7.373009999999999309e+01 2.036090000000000089e+02 1.035210000000000008e+02 2.315260000000000105e+02
7.447410000000000707e+01 1.897319999999999993e+02 1.049560000000000031e+02 2.181049999999999898e+02
7.534220000000000539e+01 1.764279999999999973e+02 1.056959999999999980e+02 2.047460000000000093e+02
7.569169999999999732e+01 1.798540000000000134e+02 1.060139999999999958e+02 2.087150000000000034e+02
7.765070000000000050e+01 1.923189999999999884e+02 1.075759999999999934e+02 2.204010000000000105e+02
7.829070000000000107e+01 1.955399999999999920e+02 1.093820000000000050e+02 2.240469999999999970e+02
7.829070000000000107e+01 1.955399999999999920e+02 1.093820000000000050e+02 2.240469999999999970e+02
7.867839999999999634e+01 1.990790000000000077e+02 1.090190000000000055e+02 2.276169999999999902e+02
7.910720000000000596e+01 1.892129999999999939e+02 1.089659999999999940e+02 2.171539999999999964e+02
8.218300000000000693e+01 1.952090000000000032e+02 1.118110000000000070e+02 2.231370000000000005e+02
8.535030000000000427e+01 1.927189999999999941e+02 1.153589999999999947e+02 2.205939999999999941e+02
9.359879999999999711e+01 2.018679999999999950e+02 1.226620000000000061e+02 2.285300000000000011e+02
9.615999999999999659e+01 2.363509999999999991e+02 1.230639999999999930e+02 2.617730000000000246e+02
9.615999999999999659e+01 2.363509999999999991e+02 1.230639999999999930e+02 2.617730000000000246e+02
9.828310000000000457e+01 2.176620000000000061e+02 1.246430000000000007e+02 2.447170000000000130e+02
9.828310000000000457e+01 2.176620000000000061e+02 1.246430000000000007e+02 2.447170000000000130e+02
1.003589999999999947e+02 1.969029999999999916e+02 1.293300000000000125e+02 2.240620000000000118e+02
1.077349999999999994e+02 2.127580000000000098e+02 1.333110000000000070e+02 2.385279999999999916e+02
1.103829999999999956e+02 2.300970000000000084e+02 1.358750000000000000e+02 2.554130000000000109e+02
1.122759999999999962e+02 2.375070000000000050e+02 1.378499999999999943e+02 2.626870000000000118e+02
1.133619999999999948e+02 2.443779999999999859e+02 1.388460000000000036e+02 2.694909999999999854e+02
1.133670000000000044e+02 2.323750000000000000e+02 1.390920000000000130e+02 2.574420000000000073e+02
1.157650000000000006e+02 2.477489999999999952e+02 1.424579999999999984e+02 2.563600000000000136e+02
1.167500000000000000e+02 2.313280000000000030e+02 1.424579999999999984e+02 2.563600000000000136e+02
1.313899999999999864e+02 3.561669999999999732e+02 1.588909999999999911e+02 3.820210000000000150e+02
1.321040000000000134e+02 5.286100000000000136e+02 5.833189999999999600e+02 2.878240000000000123e+02
1.375819999999999936e+02 3.321920000000000073e+02 1.561690000000000111e+02 3.582189999999999941e+02
1.456260000000000048e+02 4.376080000000000041e+02 7.858840000000000146e+02 3.641379999999999768e+02
1.583660000000000139e+02 4.247789999999999964e+02 1.135619999999999976e+02 4.463639999999999759e+02
1.595109999999999957e+02 5.198769999999999527e+02 9.984269999999999357e+01 5.551900000000000546e+02
1.620020000000000095e+02 4.298840000000000146e+02 4.925989999999999895e+02 4.661019999999999754e+02
1.716709999999999923e+02 4.381789999999999736e+02 1.272199999999999989e+02 4.640169999999999959e+02
1.738000000000000114e+02 2.466589999999999918e+02 2.235169999999999959e+02 2.384149999999999920e+02
1.767969999999999970e+02 5.110079999999999814e+02 3.542410000000000281e+01 4.997869999999999777e+02
1.848509999999999991e+02 2.374950000000000045e+02 2.533290000000000077e+02 2.053129999999999882e+02
1.859019999999999868e+02 2.532700000000000102e+02 5.216140000000000327e+02 3.719569999999999936e+02
1.898609999999999900e+02 4.267309999999999945e+02 3.597720000000000340e+01 4.523319999999999936e+02
1.899770000000000039e+02 2.332489999999999952e+02 2.150699999999999932e+02 2.472199999999999989e+02
1.932500000000000000e+02 3.978969999999999914e+02 4.372449999999999903e+01 4.167320000000000277e+02
1.946380000000000052e+02 3.818550000000000182e+02 4.715729999999999933e+01 3.975489999999999782e+02
1.946380000000000052e+02 3.818550000000000182e+02 4.715729999999999933e+01 3.975489999999999782e+02
1.998100000000000023e+02 3.480369999999999777e+02 6.002830000000000155e+01 3.580350000000000250e+02
2.018679999999999950e+02 3.534340000000000259e+02 6.159459999999999980e+01 3.644769999999999754e+02
2.031310000000000002e+02 2.593990000000000009e+02 2.128079999999999927e+02 2.806499999999999773e+02
2.180490000000000066e+02 2.696440000000000055e+02 2.252299999999999898e+02 2.900160000000000196e+02
2.224550000000000125e+02 2.495529999999999973e+02 2.258909999999999911e+02 2.783750000000000000e+02
2.238069999999999879e+02 2.004710000000000036e+02 2.463079999999999927e+02 2.093329999999999984e+02
2.242789999999999964e+02 2.627649999999999864e+02 2.288149999999999977e+02 2.834719999999999800e+02
2.249370000000000118e+02 2.575529999999999973e+02 2.314929999999999950e+02 2.772309999999999945e+02
2.310310000000000059e+02 2.545509999999999877e+02 2.366450000000000102e+02 2.742889999999999873e+02
2.313240000000000123e+02 5.135879999999999654e+02 6.340119999999999756e+00 5.711730000000000018e+02
2.401450000000000102e+02 4.169519999999999982e+02 2.104780000000000086e+02 4.405000000000000000e+02
2.409379999999999882e+02 2.677629999999999768e+02 2.443259999999999934e+02 2.871990000000000123e+02
2.448899999999999864e+02 1.860699999999999932e+02 2.533290000000000077e+02 2.053129999999999882e+02
2.485949999999999989e+02 2.812440000000000282e+02 2.502079999999999984e+02 2.992590000000000146e+02
2.494079999999999870e+02 3.547570000000000050e+02 2.490889999999999986e+02 3.779820000000000277e+02
2.506450000000000102e+02 3.098940000000000055e+02 2.512059999999999889e+02 3.287359999999999900e+02
2.519209999999999923e+02 2.675339999999999918e+02 2.534730000000000132e+02 2.859359999999999786e+02
2.535360000000000014e+02 2.406260000000000048e+02 2.566200000000000045e+02 2.576979999999999791e+02
2.542069999999999936e+02 4.308120000000000118e+02 2.251109999999999900e+02 4.559329999999999927e+02
2.544000000000000057e+02 3.162269999999999754e+02 2.547150000000000034e+02 3.339820000000000277e+02
2.554579999999999984e+02 2.683199999999999932e+02 2.567679999999999723e+02 2.866899999999999977e+02
2.558249999999999886e+02 2.773770000000000095e+02 2.563249999999999886e+02 2.952139999999999986e+02
2.565899999999999750e+02 2.429619999999999891e+02 2.588729999999999905e+02 2.606279999999999859e+02
2.579019999999999868e+02 4.342080000000000268e+02 2.283180000000000121e+02 4.595409999999999968e+02
2.581229999999999905e+02 2.496949999999999932e+02 2.603820000000000050e+02 2.677760000000000105e+02
2.590179999999999723e+02 2.672429999999999950e+02 2.598890000000000100e+02 2.854950000000000045e+02
2.621240000000000236e+02 1.715480000000000018e+02 2.680570000000000164e+02 1.894370000000000118e+02
2.621460000000000150e+02 2.780299999999999727e+02 2.624100000000000250e+02 2.955160000000000196e+02
2.622389999999999759e+02 2.354329999999999927e+02 2.634449999999999932e+02 2.526740000000000066e+02
2.632880000000000109e+02 4.305980000000000132e+02 2.408590000000000089e+02 4.551209999999999809e+02
2.645000000000000000e+02 2.863790000000000191e+02 2.641120000000000232e+02 3.035590000000000259e+02
2.645000000000000000e+02 2.863790000000000191e+02 2.641120000000000232e+02 3.035590000000000259e+02
2.646759999999999877e+02 3.306820000000000164e+02 2.629700000000000273e+02 3.498620000000000232e+02
2.646759999999999877e+02 3.306820000000000164e+02 2.629700000000000273e+02 3.498620000000000232e+02
2.649399999999999977e+02 5.013489999999999895e+02 3.456049999999999756e+01 5.667290000000000418e+02
2.673310000000000173e+02 3.281410000000000196e+02 2.659270000000000209e+02 3.473820000000000050e+02
2.677789999999999964e+02 4.340380000000000109e+02 2.407429999999999950e+02 4.593410000000000082e+02
2.679409999999999741e+02 3.158380000000000223e+02 2.664320000000000164e+02 3.347049999999999841e+02
2.681539999999999964e+02 2.525960000000000036e+02 2.689689999999999941e+02 2.696700000000000159e+02
2.690360000000000014e+02 2.732280000000000086e+02 2.685699999999999932e+02 2.908299999999999841e+02
2.699309999999999832e+02 3.202130000000000223e+02 2.680960000000000036e+02 3.384379999999999882e+02
2.709180000000000064e+02 3.250590000000000259e+02 2.689569999999999936e+02 3.439110000000000014e+02
2.718580000000000041e+02 1.658069999999999879e+02 2.774750000000000227e+02 1.834250000000000114e+02
2.745810000000000173e+02 1.954830000000000041e+02 4.796340000000000146e+02 2.201649999999999920e+02
2.748779999999999859e+02 1.813389999999999986e+02 2.820240000000000009e+02 1.977479999999999905e+02
2.756039999999999850e+02 2.493880000000000052e+02 2.751739999999999782e+02 2.660190000000000055e+02
2.772780000000000200e+02 2.528909999999999911e+02 2.763020000000000209e+02 2.692950000000000159e+02
2.781050000000000182e+02 5.036650000000000205e+02 8.675860000000000127e+01 5.533029999999999973e+02
2.786150000000000091e+02 2.391800000000000068e+02 2.775120000000000005e+02 2.558470000000000084e+02
2.798990000000000009e+02 3.228249999999999886e+02 2.766800000000000068e+02 3.417099999999999795e+02
2.799209999999999923e+02 3.555930000000000177e+02 2.760670000000000073e+02 3.758330000000000268e+02
2.800190000000000055e+02 2.728750000000000000e+02 2.781680000000000064e+02 2.903369999999999891e+02
2.806589999999999918e+02 2.526680000000000064e+02 2.793129999999999882e+02 2.690679999999999836e+02
2.807690000000000055e+02 3.051600000000000250e+02 2.782160000000000082e+02 3.232760000000000105e+02
2.811530000000000200e+02 1.566040000000000134e+02 2.847320000000000277e+02 1.761699999999999875e+02
2.811899999999999977e+02 3.321100000000000136e+02 2.778489999999999895e+02 3.510160000000000196e+02
2.826159999999999854e+02 1.664650000000000034e+02 2.878149999999999977e+02 1.831879999999999882e+02
2.830579999999999927e+02 1.662369999999999948e+02 2.878149999999999977e+02 1.831879999999999882e+02
2.835319999999999823e+02 3.542069999999999936e+02 2.793210000000000264e+02 3.741159999999999854e+02
2.853879999999999768e+02 1.626260000000000048e+02 2.901829999999999927e+02 1.795980000000000132e+02
2.865070000000000050e+02 2.132170000000000130e+02 2.852420000000000186e+02 2.287940000000000111e+02
2.868720000000000141e+02 2.890419999999999732e+02 2.840000000000000000e+02 3.067529999999999859e+02
2.872450000000000045e+02 4.025459999999999923e+02 2.812189999999999941e+02 4.255670000000000073e+02
2.876030000000000086e+02 3.053559999999999945e+02 2.841070000000000277e+02 3.233140000000000214e+02
2.876909999999999741e+02 2.680199999999999818e+02 2.847119999999999891e+02 2.844239999999999782e+02
2.878720000000000141e+02 2.459989999999999952e+02 2.860670000000000073e+02 2.617869999999999777e+02
2.896070000000000277e+02 4.342459999999999809e+02 2.647219999999999800e+02 4.595869999999999891e+02
2.905889999999999986e+02 3.189479999999999791e+02 2.864739999999999895e+02 3.378100000000000023e+02
2.910190000000000055e+02 2.559399999999999977e+02 2.882239999999999895e+02 2.720679999999999836e+02
2.920129999999999768e+02 2.369490000000000123e+02 4.064169999999999732e+02 2.470229999999999961e+02
2.925389999999999873e+02 2.663600000000000136e+02 2.892889999999999873e+02 2.822450000000000045e+02
2.938679999999999950e+02 3.080939999999999941e+02 2.895059999999999718e+02 3.254909999999999854e+02
2.944549999999999841e+02 3.276800000000000068e+02 2.893530000000000086e+02 3.461669999999999732e+02
2.945350000000000250e+02 3.038809999999999718e+02 2.900140000000000100e+02 3.210830000000000268e+02
2.958340000000000032e+02 2.729809999999999945e+02 2.920869999999999891e+02 2.891619999999999777e+02
2.958340000000000032e+02 2.729809999999999945e+02 2.920869999999999891e+02 2.891619999999999777e+02
2.958770000000000095e+02 2.090670000000000073e+02 2.932189999999999941e+02 2.239819999999999993e+02
2.965299999999999727e+02 2.561179999999999950e+02 2.928840000000000146e+02 2.717099999999999795e+02
2.969139999999999873e+02 2.632850000000000250e+02 2.928629999999999995e+02 2.792040000000000077e+02
2.969680000000000177e+02 3.637690000000000055e+02 2.909420000000000073e+02 3.838090000000000259e+02
2.988849999999999909e+02 1.953739999999999952e+02 2.961080000000000041e+02 2.100620000000000118e+02
2.996440000000000055e+02 2.821730000000000018e+02 2.952389999999999759e+02 2.985889999999999986e+02
2.996560000000000059e+02 2.959479999999999791e+02 2.948460000000000036e+02 3.117040000000000077e+02
3.010040000000000191e+02 3.515629999999999882e+02 2.948519999999999754e+02 3.720360000000000014e+02
3.017640000000000100e+02 3.280670000000000073e+02 2.961659999999999968e+02 3.460579999999999927e+02
3.018809999999999718e+02 3.164320000000000164e+02 2.957610000000000241e+02 3.338559999999999945e+02
3.025360000000000014e+02 3.210720000000000027e+02 2.965409999999999968e+02 3.388079999999999927e+02
3.029599999999999795e+02 3.000939999999999941e+02 2.977149999999999750e+02 3.168720000000000141e+02
3.029850000000000136e+02 2.493269999999999982e+02 2.992379999999999995e+02 2.649429999999999836e+02
3.031050000000000182e+02 2.934390000000000214e+02 2.981630000000000109e+02 3.102620000000000005e+02
3.035240000000000009e+02 1.918350000000000080e+02 3.005899999999999750e+02 2.060099999999999909e+02
3.049159999999999968e+02 3.043709999999999809e+02 2.990779999999999745e+02 3.213980000000000246e+02
3.049669999999999845e+02 3.138039999999999736e+02 2.991050000000000182e+02 3.309940000000000282e+02
3.056050000000000182e+02 2.035740000000000123e+02 3.024800000000000182e+02 2.175980000000000132e+02
3.058509999999999991e+02 3.296150000000000091e+02 3.001720000000000255e+02 3.470020000000000095e+02
3.061840000000000259e+02 1.567110000000000127e+02 4.107169999999999845e+02 1.405089999999999861e+02
3.062049999999999841e+02 2.804329999999999927e+02 3.009460000000000264e+02 2.963790000000000191e+02
3.066680000000000064e+02 4.358840000000000146e+02 2.819399999999999977e+02 4.617599999999999909e+02
3.070969999999999800e+02 2.588750000000000000e+02 3.023240000000000123e+02 2.740409999999999968e+02
3.077180000000000177e+02 1.977359999999999900e+02 3.040600000000000023e+02 2.115900000000000034e+02
3.079200000000000159e+02 3.057719999999999914e+02 3.018879999999999768e+02 3.226519999999999868e+02
3.090280000000000200e+02 2.985760000000000218e+02 3.033399999999999750e+02 3.147490000000000236e+02
3.096200000000000045e+02 5.345399999999999636e+02 5.616209999999999809e+02 5.858429999999999609e+02
3.097699999999999818e+02 2.745310000000000059e+02 3.095040000000000191e+02 2.893249999999999886e+02
3.132649999999999864e+02 2.613980000000000246e+02 3.073159999999999741e+02 2.765609999999999786e+02
3.142789999999999964e+02 3.531159999999999854e+02 3.063279999999999745e+02 3.722679999999999723e+02
3.150450000000000159e+02 2.036850000000000023e+02 3.103129999999999882e+02 2.173569999999999993e+02
3.152509999999999764e+02 2.468379999999999939e+02 3.099089999999999918e+02 2.611009999999999991e+02
3.155040000000000191e+02 3.345960000000000036e+02 3.080989999999999895e+02 3.523969999999999914e+02
3.167730000000000246e+02 1.906189999999999998e+02 3.120500000000000114e+02 2.034610000000000127e+02
3.170609999999999786e+02 3.172970000000000255e+02 3.099110000000000014e+02 3.341429999999999723e+02
3.176789999999999736e+02 2.656460000000000150e+02 3.118079999999999927e+02 2.801770000000000209e+02
3.179209999999999923e+02 3.580339999999999918e+02 3.096270000000000095e+02 3.773750000000000000e+02
3.180269999999999868e+02 3.553799999999999955e+02 3.099820000000000277e+02 3.744130000000000109e+02
3.180960000000000036e+02 2.609470000000000027e+02 3.115400000000000205e+02 2.753740000000000236e+02
3.187730000000000246e+02 2.735439999999999827e+02 5.478600000000000136e+02 2.636610000000000014e+02
3.192970000000000255e+02 2.399499999999999886e+02 3.132640000000000100e+02 2.539950000000000045e+02
3.213450000000000273e+02 4.323220000000000027e+02 3.160360000000000014e+02 4.577479999999999905e+02
3.216789999999999736e+02 2.593740000000000236e+02 3.152320000000000277e+02 2.738039999999999736e+02
3.219180000000000064e+02 3.630649999999999977e+02 3.131050000000000182e+02 3.825360000000000014e+02
3.221279999999999859e+02 1.827059999999999889e+02 3.168799999999999955e+02 1.952239999999999895e+02
3.249630000000000223e+02 4.248820000000000050e+02 3.217400000000000091e+02 4.501229999999999905e+02
3.252520000000000095e+02 3.238879999999999768e+02 3.174230000000000018e+02 3.409950000000000045e+02
3.257259999999999991e+02 2.040769999999999982e+02 3.203410000000000082e+02 2.163950000000000102e+02
3.295380000000000109e+02 2.991890000000000214e+02 3.213709999999999809e+02 3.150389999999999873e+02
3.298659999999999854e+02 3.876429999999999723e+02 3.202429999999999950e+02 4.086510000000000105e+02
3.308360000000000127e+02 2.178139999999999930e+02 3.249089999999999918e+02 2.338040000000000020e+02
3.315799999999999841e+02 3.161379999999999768e+02 3.236179999999999950e+02 3.325550000000000068e+02
3.316259999999999764e+02 2.054420000000000073e+02 3.260480000000000018e+02 2.171599999999999966e+02
3.318629999999999995e+02 3.053140000000000214e+02 3.235310000000000059e+02 3.211709999999999923e+02
3.324340000000000259e+02 2.917980000000000018e+02 3.244780000000000086e+02 3.066960000000000264e+02
3.330489999999999782e+02 2.145649999999999977e+02 3.253960000000000150e+02 2.330649999999999977e+02
3.332420000000000186e+02 4.236039999999999850e+02 3.069449999999999932e+02 4.475409999999999968e+02
3.359610000000000127e+02 1.495240000000000009e+02 2.901829999999999927e+02 1.795980000000000132e+02
3.364200000000000159e+02 2.416129999999999995e+02 3.288949999999999818e+02 2.544339999999999975e+02
3.365059999999999718e+02 4.025799999999999841e+02 3.253870000000000005e+02 4.252919999999999732e+02
3.386709999999999923e+02 3.273349999999999795e+02 3.292130000000000223e+02 3.444409999999999741e+02
3.393389999999999986e+02 3.833159999999999741e+02 3.283639999999999759e+02 4.039889999999999759e+02
3.397860000000000014e+02 2.443369999999999891e+02 3.318799999999999955e+02 2.572239999999999895e+02
3.403210000000000264e+02 2.336320000000000050e+02 3.324139999999999873e+02 2.461719999999999970e+02
3.408720000000000141e+02 3.306259999999999764e+02 3.309069999999999823e+02 3.475350000000000250e+02
3.418759999999999764e+02 3.866960000000000264e+02 3.309900000000000091e+02 4.079359999999999786e+02
3.423509999999999991e+02 3.144239999999999782e+02 3.323469999999999800e+02 3.301669999999999732e+02
3.428129999999999882e+02 2.371270000000000095e+02 3.344920000000000186e+02 2.494490000000000123e+02
3.428319999999999936e+02 2.216570000000000107e+02 3.350009999999999764e+02 2.336829999999999927e+02
3.430400000000000205e+02 1.846419999999999959e+02 3.356159999999999854e+02 1.957189999999999941e+02
3.431379999999999768e+02 1.466889999999999930e+02 3.385779999999999745e+02 1.643919999999999959e+02
3.433340000000000032e+02 2.508770000000000095e+02 3.343899999999999864e+02 2.634710000000000036e+02
3.444300000000000068e+02 2.411510000000000105e+02 3.355570000000000164e+02 2.538549999999999898e+02
3.445880000000000223e+02 2.967819999999999823e+02 3.350550000000000068e+02 3.115369999999999777e+02
3.449649999999999750e+02 1.945310000000000059e+02 3.368899999999999864e+02 2.060049999999999955e+02
3.467819999999999823e+02 2.906730000000000018e+02 3.371499999999999773e+02 3.051619999999999777e+02
3.468539999999999850e+02 2.502849999999999966e+02 3.380079999999999814e+02 2.627900000000000205e+02
3.479490000000000123e+02 2.934039999999999964e+02 3.381510000000000105e+02 3.076669999999999732e+02
3.484200000000000159e+02 3.519130000000000109e+02 3.383899999999999864e+02 3.700269999999999868e+02
3.484200000000000159e+02 3.519130000000000109e+02 3.383899999999999864e+02 3.700269999999999868e+02
3.493290000000000077e+02 2.430699999999999932e+02 3.401759999999999877e+02 2.561510000000000105e+02
3.508079999999999927e+02 1.923389999999999986e+02 3.429809999999999945e+02 2.024439999999999884e+02
3.508079999999999927e+02 1.923389999999999986e+02 3.429809999999999945e+02 2.024439999999999884e+02
3.510070000000000050e+02 3.452420000000000186e+02 3.402590000000000146e+02 3.617420000000000186e+02
3.517350000000000136e+02 3.351050000000000182e+02 3.418899999999999864e+02 3.512909999999999968e+02
3.517679999999999723e+02 3.189470000000000027e+02 3.416109999999999900e+02 3.346619999999999777e+02
3.530559999999999832e+02 3.492869999999999777e+02 3.413070000000000164e+02 3.669150000000000205e+02
3.542559999999999718e+02 3.667300000000000182e+02 3.423849999999999909e+02 3.869399999999999977e+02
3.547330000000000041e+02 2.570659999999999741e+02 3.449619999999999891e+02 2.696370000000000005e+02
3.549710000000000036e+02 2.464660000000000082e+02 3.451129999999999995e+02 2.589680000000000177e+02
3.550310000000000059e+02 2.463139999999999930e+02 3.451129999999999995e+02 2.589680000000000177e+02
3.550310000000000059e+02 1.916179999999999950e+02 3.475040000000000191e+02 2.016599999999999966e+02
3.563999999999999773e+02 2.370200000000000102e+02 3.467250000000000227e+02 2.484569999999999936e+02
3.570840000000000032e+02 3.354320000000000164e+02 3.460059999999999718e+02 3.518210000000000264e+02
3.572579999999999814e+02 3.419809999999999945e+02 3.457880000000000109e+02 3.582590000000000146e+02
3.581639999999999873e+02 1.676510000000000105e+02 3.496909999999999741e+02 1.770519999999999925e+02
3.581639999999999873e+02 1.676510000000000105e+02 3.496909999999999741e+02 1.770519999999999925e+02
3.581709999999999923e+02 1.950420000000000016e+02 3.502889999999999873e+02 2.043429999999999893e+02
3.581709999999999923e+02 1.950420000000000016e+02 3.510299999999999727e+02 2.054790000000000134e+02
3.582540000000000191e+02 3.083090000000000259e+02 3.475720000000000027e+02 3.233140000000000214e+02
3.582540000000000191e+02 3.083090000000000259e+02 3.475720000000000027e+02 3.233140000000000214e+02
3.587889999999999873e+02 2.639279999999999973e+02 3.486370000000000005e+02 2.767789999999999964e+02
3.588070000000000164e+02 3.685319999999999823e+02 3.467540000000000191e+02 3.884259999999999877e+02
3.589200000000000159e+02 1.957460000000000093e+02 3.510299999999999727e+02 2.054790000000000134e+02
3.592620000000000005e+02 1.434180000000000064e+02 3.385779999999999745e+02 1.643919999999999959e+02
3.613220000000000027e+02 3.852479999999999905e+02 3.490919999999999845e+02 4.056610000000000014e+02
3.614639999999999986e+02 1.464329999999999927e+02 3.263589999999999804e+02 1.715850000000000080e+02
3.624529999999999745e+02 5.419130000000000109e+02 3.419859999999999900e+02 5.796720000000000255e+02
3.629769999999999754e+02 1.973240000000000123e+02 3.534590000000000032e+02 2.070310000000000059e+02
3.644300000000000068e+02 2.593070000000000164e+02 3.538779999999999859e+02 2.709879999999999995e+02
3.645960000000000036e+02 1.903089999999999975e+02 3.548229999999999791e+02 1.999819999999999993e+02
3.658809999999999718e+02 2.783899999999999864e+02 3.550570000000000164e+02 2.912830000000000155e+02
3.662429999999999950e+02 3.034010000000000105e+02 3.551519999999999868e+02 3.176460000000000150e+02
3.665590000000000259e+02 2.014670000000000130e+02 3.565860000000000127e+02 2.109689999999999941e+02
3.666610000000000014e+02 1.783180000000000121e+02 3.569130000000000109e+02 1.876279999999999859e+02
3.669669999999999845e+02 2.589970000000000141e+02 3.564830000000000041e+02 2.707339999999999804e+02
3.671410000000000196e+02 1.839010000000000105e+02 3.574809999999999945e+02 1.928919999999999959e+02
3.681840000000000259e+02 2.527820000000000107e+02 3.573720000000000141e+02 2.650380000000000109e+02
3.690529999999999973e+02 2.337620000000000005e+02 3.589510000000000218e+02 2.447570000000000050e+02
3.690899999999999750e+02 2.255260000000000105e+02 3.590079999999999814e+02 2.358129999999999882e+02
3.694900000000000091e+02 1.869199999999999875e+02 3.596680000000000064e+02 1.960389999999999873e+02
3.701469999999999914e+02 3.867459999999999809e+02 3.598210000000000264e+02 4.078919999999999959e+02
3.705120000000000005e+02 3.182730000000000246e+02 3.597730000000000246e+02 3.334470000000000027e+02
3.705939999999999941e+02 1.678029999999999973e+02 3.611279999999999859e+02 1.765049999999999955e+02
3.729719999999999800e+02 3.828629999999999995e+02 3.621510000000000105e+02 4.035520000000000209e+02
3.763980000000000246e+02 3.115129999999999768e+02 3.667400000000000091e+02 3.264929999999999950e+02
3.763980000000000246e+02 3.115129999999999768e+02 3.667400000000000091e+02 3.264929999999999950e+02
3.796229999999999905e+02 4.389769999999999754e+02 4.891000000000000227e+02 4.734680000000000177e+02
3.807970000000000255e+02 2.956569999999999823e+02 3.719970000000000141e+02 3.093779999999999859e+02
3.815810000000000173e+02 1.581330000000000098e+02 4.075849999999999795e+02 1.799250000000000114e+02
3.817389999999999759e+02 2.181970000000000027e+02 3.731410000000000196e+02 2.282270000000000039e+02
3.817389999999999759e+02 2.181970000000000027e+02 3.731410000000000196e+02 2.282270000000000039e+02
3.825310000000000059e+02 3.728539999999999850e+02 3.725860000000000127e+02 3.924660000000000082e+02
3.825310000000000059e+02 3.728539999999999850e+02 3.725860000000000127e+02 3.924660000000000082e+02
3.825310000000000059e+02 3.728539999999999850e+02 3.725860000000000127e+02 3.924660000000000082e+02
3.829900000000000091e+02 1.359230000000000018e+02 2.959669999999999845e+02 1.770449999999999875e+02
3.868530000000000086e+02 4.440380000000000109e+02 3.519289999999999736e+02 4.705110000000000241e+02
3.868530000000000086e+02 4.440380000000000109e+02 3.519289999999999736e+02 4.705110000000000241e+02
3.882740000000000009e+02 3.820040000000000191e+02 3.796990000000000123e+02 4.025369999999999777e+02
3.898000000000000114e+02 4.321120000000000232e+02 3.917839999999999918e+02 4.593460000000000036e+02
3.902760000000000105e+02 3.426390000000000100e+02 3.828319999999999936e+02 3.595129999999999768e+02
3.909669999999999845e+02 3.925579999999999927e+02 1.132069999999999936e+02 4.597649999999999864e+02
3.910590000000000259e+02 2.518000000000000114e+02 3.843570000000000277e+02 2.632389999999999759e+02
3.928919999999999959e+02 4.385299999999999727e+02 3.597160000000000082e+02 4.634839999999999804e+02
3.948949999999999818e+02 1.821519999999999868e+02 3.859599999999999795e+02 1.908460000000000036e+02
3.950190000000000055e+02 2.419360000000000070e+02 3.886519999999999868e+02 2.530980000000000132e+02
3.955600000000000023e+02 4.434590000000000032e+02 4.481779999999999973e+02 4.798589999999999804e+02
4.014409999999999741e+02 2.392750000000000057e+02 3.957869999999999777e+02 2.499250000000000114e+02
4.014409999999999741e+02 2.392750000000000057e+02 3.957869999999999777e+02 2.499250000000000114e+02
4.047640000000000100e+02 2.239710000000000036e+02 3.999220000000000255e+02 2.338400000000000034e+02
4.047699999999999818e+02 1.658259999999999934e+02 4.062230000000000132e+02 1.768849999999999909e+02
4.050690000000000168e+02 2.506659999999999968e+02 4.003910000000000196e+02 2.620240000000000009e+02
4.051250000000000000e+02 2.813980000000000246e+02 4.005140000000000100e+02 2.940179999999999723e+02
4.052649999999999864e+02 2.363220000000000027e+02 4.003430000000000177e+02 2.464370000000000118e+02
4.053450000000000273e+02 2.909820000000000277e+02 4.236890000000000214e+02 2.455010000000000048e+02
4.060919999999999845e+02 1.688959999999999866e+02 4.075849999999999795e+02 1.799250000000000114e+02
4.065099999999999909e+02 1.871939999999999884e+02 4.014089999999999918e+02 1.953269999999999982e+02
4.065140000000000100e+02 1.939350000000000023e+02 4.017780000000000200e+02 2.030860000000000127e+02
4.075620000000000118e+02 1.338909999999999911e+02 4.087459999999999809e+02 1.438870000000000005e+02
4.084639999999999986e+02 1.664039999999999964e+02 4.094350000000000023e+02 1.770709999999999980e+02
4.089619999999999891e+02 2.323669999999999902e+02 4.040699999999999932e+02 2.420440000000000111e+02
4.094089999999999918e+02 1.300039999999999907e+02 4.107169999999999845e+02 1.405089999999999861e+02
4.097429999999999950e+02 1.305860000000000127e+02 4.107169999999999845e+02 1.405089999999999861e+02
4.101190000000000282e+02 2.002839999999999918e+02 7.947569999999999482e+02 5.920620000000000118e+02
4.130140000000000100e+02 3.936209999999999809e+02 1.719989999999999952e+02 4.608929999999999723e+02
4.139979999999999905e+02 4.335099999999999909e+02 5.060790000000000077e+02 4.610969999999999800e+02
4.143070000000000164e+02 3.114889999999999759e+02 6.630850000000000364e+02 3.808290000000000077e+02
4.163639999999999759e+02 2.114139999999999873e+02 4.134479999999999791e+02 2.280699999999999932e+02
4.186159999999999854e+02 4.374320000000000164e+02 4.925989999999999895e+02 4.661019999999999754e+02
4.190120000000000005e+02 1.568650000000000091e+02 4.199150000000000205e+02 1.669710000000000036e+02
4.213039999999999736e+02 4.404540000000000077e+02 3.818620000000000232e+02 4.656019999999999754e+02
4.217479999999999905e+02 2.569279999999999973e+02 2.932490000000000236e+02 5.491130000000000564e+02
4.218399999999999750e+02 2.052040000000000077e+02 4.193890000000000100e+02 2.147400000000000091e+02
4.223670000000000186e+02 4.302930000000000064e+02 3.873659999999999854e+02 4.553469999999999800e+02
4.229399999999999977e+02 2.372410000000000139e+02 4.211750000000000114e+02 2.471169999999999902e+02
4.229560000000000173e+02 2.313580000000000041e+02 5.980380000000000109e+02 3.195230000000000246e+02
4.241429999999999723e+02 1.929439999999999884e+02 4.217130000000000223e+02 2.016630000000000109e+02
4.249429999999999836e+02 2.850369999999999777e+02 4.230969999999999800e+02 2.974019999999999868e+02
4.255240000000000009e+02 1.290860000000000127e+02 5.038050000000000068e+02 1.125319999999999965e+02
4.256979999999999791e+02 2.346539999999999964e+02 4.236890000000000214e+02 2.455010000000000048e+02
4.259870000000000232e+02 2.309770000000000039e+02 4.240009999999999764e+02 2.411560000000000059e+02
4.261650000000000205e+02 2.185589999999999975e+02 4.230969999999999800e+02 2.974019999999999868e+02
4.264069999999999823e+02 2.069670000000000130e+02 4.242429999999999950e+02 2.165509999999999877e+02
4.265070000000000050e+02 1.746450000000000102e+02 4.278770000000000095e+02 1.848810000000000002e+02
4.278750000000000000e+02 1.975120000000000005e+02 4.256750000000000114e+02 2.065889999999999986e+02
4.279030000000000200e+02 1.253970000000000056e+02 4.286650000000000205e+02 1.349360000000000070e+02
4.320629999999999882e+02 4.349759999999999991e+02 3.967409999999999854e+02 4.599440000000000168e+02
4.320629999999999882e+02 4.349759999999999991e+02 3.967409999999999854e+02 4.599440000000000168e+02
4.439959999999999809e+02 4.421190000000000282e+02 4.181320000000000050e+02 4.691720000000000255e+02
4.452300000000000182e+02 4.915609999999999786e+02 3.522149999999999750e+02 5.331009999999999991e+02
4.496449999999999818e+02 1.852309999999999945e+02 4.510590000000000259e+02 1.940939999999999941e+02
4.507409999999999854e+02 4.904920000000000186e+02 3.522149999999999750e+02 5.331009999999999991e+02
4.519060000000000059e+02 4.324309999999999832e+02 4.290280000000000200e+02 4.579580000000000268e+02
4.523799999999999955e+02 1.934159999999999968e+02 4.551290000000000191e+02 2.034619999999999891e+02
4.538949999999999818e+02 1.193829999999999956e+02 4.546940000000000168e+02 1.264639999999999986e+02
4.563009999999999877e+02 1.210340000000000060e+02 5.084820000000000277e+02 1.111520000000000010e+02
4.596259999999999764e+02 1.537760000000000105e+02 4.613199999999999932e+02 1.615260000000000105e+02
4.608539999999999850e+02 1.542160000000000082e+02 4.622490000000000236e+02 1.619139999999999873e+02
4.661410000000000196e+02 4.469789999999999850e+02 3.375699999999999932e+02 4.222320000000000277e+02
4.714230000000000018e+02 1.785140000000000100e+02 4.729619999999999891e+02 1.858499999999999943e+02
4.745910000000000082e+02 4.521820000000000164e+02 4.345840000000000032e+02 4.811800000000000068e+02
4.772780000000000200e+02 4.564739999999999895e+02 4.397339999999999804e+02 4.870760000000000218e+02
4.774440000000000168e+02 4.566650000000000205e+02 4.397339999999999804e+02 4.870760000000000218e+02
4.776680000000000064e+02 2.119540000000000077e+02 4.796340000000000146e+02 2.201649999999999920e+02
4.793190000000000168e+02 5.920190000000000055e+02 4.784460000000000264e+02 5.909379999999999882e+02
4.800509999999999877e+02 4.363290000000000077e+02 3.967409999999999854e+02 4.599440000000000168e+02
4.801539999999999964e+02 4.543199999999999932e+02 4.433229999999999791e+02 4.841490000000000009e+02
4.834710000000000036e+02 5.858070000000000164e+02 5.881409999999999627e+02 5.850810000000000173e+02
4.835149999999999864e+02 2.109780000000000086e+02 4.858589999999999804e+02 2.185639999999999930e+02
4.839619999999999891e+02 4.508439999999999941e+02 4.481779999999999973e+02 4.798589999999999804e+02
4.839619999999999891e+02 4.508439999999999941e+02 4.481779999999999973e+02 4.798589999999999804e+02
4.889279999999999973e+02 1.460159999999999911e+02 4.921229999999999905e+02 1.525149999999999864e+02
4.929909999999999854e+02 4.431659999999999968e+02 4.751739999999999782e+02 4.703910000000000196e+02
4.953589999999999804e+02 2.487899999999999920e+02 5.021290000000000191e+02 2.683929999999999723e+02
4.960960000000000036e+02 4.459449999999999932e+02 4.891000000000000227e+02 4.734680000000000177e+02
4.989370000000000118e+02 4.399769999999999754e+02 4.925989999999999895e+02 4.661019999999999754e+02
5.023369999999999891e+02 1.088340000000000032e+02 5.038050000000000068e+02 1.125319999999999965e+02
5.031850000000000023e+02 4.664329999999999927e+02 4.559169999999999732e+02 4.985799999999999841e+02
5.040269999999999868e+02 4.458799999999999955e+02 4.891000000000000227e+02 4.734680000000000177e+02
5.042760000000000105e+02 1.270499999999999972e+02 5.068450000000000273e+02 1.303060000000000116e+02
5.046150000000000091e+02 1.062830000000000013e+02 4.746329999999999814e+02 1.200610000000000070e+02
5.063709999999999809e+02 4.395210000000000150e+02 4.925989999999999895e+02 4.661019999999999754e+02
5.070670000000000073e+02 1.077489999999999952e+02 5.084820000000000277e+02 1.111520000000000010e+02
5.112090000000000032e+02 4.419959999999999809e+02 4.986589999999999918e+02 4.690649999999999977e+02
5.120009999999999764e+02 2.030149999999999864e+02 5.145430000000000064e+02 2.095080000000000098e+02
5.123039999999999736e+02 1.420730000000000075e+02 5.141309999999999718e+02 1.464190000000000111e+02
5.129869999999999663e+02 1.333400000000000034e+02 5.151939999999999600e+02 1.369689999999999941e+02
5.135149999999999864e+02 1.083859999999999957e+02 5.150470000000000255e+02 1.125079999999999956e+02
5.160869999999999891e+02 1.059669999999999987e+02 5.179310000000000400e+02 1.088859999999999957e+02
5.185439999999999827e+02 1.097099999999999937e+02 5.179310000000000400e+02 1.088859999999999957e+02
5.188079999999999927e+02 1.678069999999999879e+02 5.220800000000000409e+02 1.725070000000000050e+02
5.188269999999999982e+02 1.106760000000000019e+02 5.179310000000000400e+02 1.088859999999999957e+02
5.191459999999999582e+02 1.870819999999999936e+02 5.209189999999999827e+02 1.460399999999999920e+02
5.193559999999999945e+02 1.382700000000000102e+02 5.220199999999999818e+02 1.416850000000000023e+02
5.194220000000000255e+02 2.003810000000000002e+02 5.253780000000000427e+02 2.693910000000000196e+02
5.200679999999999836e+02 4.323650000000000091e+02 5.124800000000000182e+02 4.578910000000000196e+02
5.200779999999999745e+02 2.458520000000000039e+02 5.270470000000000255e+02 3.196419999999999959e+02
5.204619999999999891e+02 2.657040000000000077e+02 5.253490000000000464e+02 2.754270000000000209e+02
5.205410000000000537e+02 1.391409999999999911e+02 5.235240000000000009e+02 1.427369999999999948e+02
5.205650000000000546e+02 2.603419999999999845e+02 5.253780000000000427e+02 2.693910000000000196e+02
5.215739999999999554e+02 3.022359999999999900e+02 5.271190000000000282e+02 3.140860000000000127e+02
5.220950000000000273e+02 4.686929999999999836e+02 4.761299999999999955e+02 5.027599999999999909e+02
5.227469999999999573e+02 2.439110000000000014e+02 5.300389999999999873e+02 3.174870000000000232e+02
5.229420000000000073e+02 1.386800000000000068e+02 5.259510000000000218e+02 1.422580000000000098e+02
5.231580000000000155e+02 2.634150000000000205e+02 5.300389999999999873e+02 3.174870000000000232e+02
5.240240000000000009e+02 3.050860000000000127e+02 5.300389999999999873e+02 3.174870000000000232e+02
5.240240000000000009e+02 3.050860000000000127e+02 5.300389999999999873e+02 3.174870000000000232e+02
5.250320000000000391e+02 2.096769999999999925e+02 5.321200000000000045e+02 2.776899999999999977e+02
5.252119999999999891e+02 1.213059999999999974e+02 5.203029999999999973e+02 1.129950000000000045e+02
5.260170000000000528e+02 2.622909999999999968e+02 5.314070000000000391e+02 2.712440000000000282e+02
5.268039999999999736e+02 1.694660000000000082e+02 5.312770000000000437e+02 1.737100000000000080e+02
5.269020000000000437e+02 3.034739999999999895e+02 5.331269999999999527e+02 3.156829999999999927e+02
5.269930000000000518e+02 3.082180000000000177e+02 5.333020000000000209e+02 3.210989999999999895e+02
5.283170000000000073e+02 1.971510000000000105e+02 5.335940000000000509e+02 2.025869999999999891e+02
5.289909999999999854e+02 2.406220000000000141e+02 5.347119999999999891e+02 2.475610000000000070e+02
5.294629999999999654e+02 5.236059999999999945e+02 4.009129999999999683e+01 4.345899999999999750e+02
5.294629999999999654e+02 5.236059999999999945e+02 4.009129999999999683e+01 4.345899999999999750e+02
5.299099999999999682e+02 2.730690000000000168e+02 5.367100000000000364e+02 2.846440000000000055e+02
5.309600000000000364e+02 1.161039999999999992e+02 5.354080000000000155e+02 1.190400000000000063e+02
5.318400000000000318e+02 4.320600000000000023e+02 4.936809999999999832e+02 4.585210000000000150e+02
5.319930000000000518e+02 2.500190000000000055e+02 5.388400000000000318e+02 2.585249999999999773e+02
5.320990000000000464e+02 4.693430000000000177e+02 4.882549999999999955e+02 5.037930000000000064e+02
5.324510000000000218e+02 2.643919999999999959e+02 5.394750000000000227e+02 2.738709999999999809e+02
5.333690000000000282e+02 3.051440000000000055e+02 5.413849999999999909e+02 3.177900000000000205e+02
5.334180000000000064e+02 3.098430000000000177e+02 5.413830000000000382e+02 3.226720000000000255e+02
5.349790000000000418e+02 1.181610000000000014e+02 5.395460000000000491e+02 1.209599999999999937e+02
5.355309999999999491e+02 4.414750000000000227e+02 4.751739999999999782e+02 4.703910000000000196e+02
5.356989999999999554e+02 1.402990000000000066e+02 5.406440000000000055e+02 1.456850000000000023e+02
5.362229999999999563e+02 1.491399999999999864e+02 5.412319999999999709e+02 1.527690000000000055e+02
5.364400000000000546e+02 1.347379999999999995e+02 5.416219999999999573e+02 1.393969999999999914e+02
5.372319999999999709e+02 2.116090000000000089e+02 5.436509999999999536e+02 2.178729999999999905e+02
5.381440000000000055e+02 2.103149999999999977e+02 5.451680000000000064e+02 2.166040000000000134e+02
5.382599999999999909e+02 1.837709999999999866e+02 5.448039999999999736e+02 1.893669999999999902e+02
5.385460000000000491e+02 2.690529999999999973e+02 5.436509999999999536e+02 2.178729999999999905e+02
5.385460000000000491e+02 2.690529999999999973e+02 5.460370000000000346e+02 2.786429999999999723e+02
5.391319999999999482e+02 1.694869999999999948e+02 5.457910000000000537e+02 1.752549999999999955e+02
5.391430000000000291e+02 1.785320000000000107e+02 5.457150000000000318e+02 1.830029999999999859e+02
5.395599999999999454e+02 2.537940000000000111e+02 5.478600000000000136e+02 2.636610000000000014e+02
5.396409999999999627e+02 2.663519999999999754e+02 5.478859999999999673e+02 2.756979999999999791e+02
5.397720000000000482e+02 2.170689999999999884e+02 5.473590000000000373e+02 2.240300000000000011e+02
5.404980000000000473e+02 2.885330000000000155e+02 5.492789999999999964e+02 3.002629999999999768e+02
5.410080000000000382e+02 2.485629999999999882e+02 5.493550000000000182e+02 2.568700000000000045e+02
5.418909999999999627e+02 2.814730000000000132e+02 5.509759999999999991e+02 2.919950000000000045e+02
5.424930000000000518e+02 1.963439999999999941e+02 5.502999999999999545e+02 2.020800000000000125e+02
5.434279999999999973e+02 2.519749999999999943e+02 5.523369999999999891e+02 2.607040000000000077e+02
5.434279999999999973e+02 2.519749999999999943e+02 5.523369999999999891e+02 2.607040000000000077e+02
5.437970000000000255e+02 2.708450000000000273e+02 5.528479999999999563e+02 2.806879999999999882e+02
5.440009999999999764e+02 1.329099999999999966e+02 5.505489999999999782e+02 1.366299999999999955e+02
5.445270000000000437e+02 1.937760000000000105e+02 5.522369999999999663e+02 1.993029999999999973e+02
5.455209999999999582e+02 3.105790000000000077e+02 5.559610000000000127e+02 3.234859999999999900e+02
5.458600000000000136e+02 1.549780000000000086e+02 5.530720000000000027e+02 1.589869999999999948e+02
5.463550000000000182e+02 1.266730000000000018e+02 5.531620000000000346e+02 1.298050000000000068e+02
5.464500000000000455e+02 3.773860000000000241e+02 5.438369999999999891e+02 3.975140000000000100e+02
5.465049999999999955e+02 2.505680000000000121e+02 5.556689999999999827e+02 2.589940000000000282e+02
5.465679999999999836e+02 4.404739999999999895e+02 5.437190000000000509e+02 4.671370000000000005e+02
5.468170000000000073e+02 1.849149999999999920e+02 5.546520000000000437e+02 1.899399999999999977e+02
5.472150000000000318e+02 1.986370000000000005e+02 5.554700000000000273e+02 2.043149999999999977e+02
5.488450000000000273e+02 2.540169999999999959e+02 5.583769999999999527e+02 2.627719999999999914e+02
5.493099999999999454e+02 2.726309999999999718e+02 5.593220000000000027e+02 2.826730000000000018e+02
5.502910000000000537e+02 2.147090000000000032e+02 5.623840000000000146e+02 2.804739999999999895e+02
5.502910000000000537e+02 2.147090000000000032e+02 5.623840000000000146e+02 2.804739999999999895e+02
5.511440000000000055e+02 3.310430000000000064e+02 5.624389999999999645e+02 3.453969999999999914e+02
5.511440000000000055e+02 3.310430000000000064e+02 5.624389999999999645e+02 3.453969999999999914e+02
5.514640000000000555e+02 2.526399999999999864e+02 5.613460000000000036e+02 2.612540000000000191e+02
5.515370000000000346e+02 1.626030000000000086e+02 5.596069999999999709e+02 1.671879999999999882e+02
5.516559999999999491e+02 2.570769999999999982e+02 5.626240000000000236e+02 2.852300000000000182e+02
5.518669999999999618e+02 1.552189999999999941e+02 5.597259999999999991e+02 1.584050000000000011e+02
5.518669999999999618e+02 1.552189999999999941e+02 5.597259999999999991e+02 1.584050000000000011e+02
5.520230000000000246e+02 2.707250000000000227e+02 5.623840000000000146e+02 2.804739999999999895e+02
5.520230000000000246e+02 2.707250000000000227e+02 5.623840000000000146e+02 2.804739999999999895e+02
5.521330000000000382e+02 2.750380000000000109e+02 5.626240000000000236e+02 2.852300000000000182e+02
5.523840000000000146e+02 3.719619999999999891e+02 5.649869999999999663e+02 3.903919999999999959e+02
5.526580000000000155e+02 2.076020000000000039e+02 5.616169999999999618e+02 2.134950000000000045e+02
5.533310000000000173e+02 2.161819999999999879e+02 5.624550000000000409e+02 2.225250000000000057e+02
5.537140000000000555e+02 2.301390000000000100e+02 5.629840000000000373e+02 2.369079999999999870e+02
5.541369999999999436e+02 2.014670000000000130e+02 5.631609999999999445e+02 2.070939999999999941e+02
5.547459999999999809e+02 2.398810000000000002e+02 5.646430000000000291e+02 2.477880000000000109e+02
5.550660000000000309e+02 2.675950000000000273e+02 5.657160000000000082e+02 2.769719999999999800e+02
5.555900000000000318e+02 2.880280000000000200e+02 5.616779999999999973e+02 1.925490000000000066e+02
5.556689999999999827e+02 2.761600000000000250e+02 5.664180000000000064e+02 2.861630000000000109e+02
5.558640000000000327e+02 2.831340000000000146e+02 5.673429999999999609e+02 2.935160000000000196e+02
5.559600000000000364e+02 3.899440000000000168e+02 5.694260000000000446e+02 4.103919999999999959e+02
5.565990000000000464e+02 2.952210000000000036e+02 5.680960000000000036e+02 3.066770000000000209e+02
5.566810000000000400e+02 3.458059999999999832e+02 5.594589999999999463e+02 1.769790000000000134e+02
5.568830000000000382e+02 2.953079999999999927e+02 5.680960000000000036e+02 3.066770000000000209e+02
5.568830000000000382e+02 2.953079999999999927e+02 5.631609999999999445e+02 2.070939999999999941e+02
5.570950000000000273e+02 3.357970000000000255e+02 5.700879999999999654e+02 3.556039999999999850e+02
5.576459999999999582e+02 3.403559999999999945e+02 5.700879999999999654e+02 3.556039999999999850e+02
5.582559999999999718e+02 3.592169999999999845e+02 5.712770000000000437e+02 3.763519999999999754e+02
5.588279999999999745e+02 4.739220000000000255e+02 5.214170000000000300e+02 5.095020000000000095e+02
5.631059999999999945e+02 1.719149999999999920e+02 5.719310000000000400e+02 1.751659999999999968e+02
5.638819999999999482e+02 1.492740000000000009e+02 5.717559999999999718e+02 1.517050000000000125e+02
5.643329999999999700e+02 1.562150000000000034e+02 5.722450000000000045e+02 1.594600000000000080e+02
5.643669999999999618e+02 1.626030000000000086e+02 5.725249999999999773e+02 1.661030000000000086e+02
5.652089999999999463e+02 1.881910000000000025e+02 5.741159999999999854e+02 1.925029999999999859e+02
5.654070000000000391e+02 1.829749999999999943e+02 5.740729999999999791e+02 1.869240000000000066e+02
5.657659999999999627e+02 2.058750000000000000e+02 5.748360000000000127e+02 2.109420000000000073e+02
5.659569999999999936e+02 1.949180000000000064e+02 5.749039999999999964e+02 1.994199999999999875e+02
5.662949999999999591e+02 2.213619999999999948e+02 5.740729999999999791e+02 1.869240000000000066e+02
5.674959999999999809e+02 2.363040000000000020e+02 5.776219999999999573e+02 2.431189999999999998e+02
5.679880000000000564e+02 1.715420000000000016e+02 5.765289999999999964e+02 1.747810000000000059e+02
5.682749999999999773e+02 2.655470000000000255e+02 5.790879999999999654e+02 2.743299999999999841e+02
5.686910000000000309e+02 3.108929999999999723e+02 5.806029999999999518e+02 3.235509999999999877e+02
5.690259999999999536e+02 2.762040000000000077e+02 5.800700000000000500e+02 2.859460000000000264e+02
5.690339999999999918e+02 2.693410000000000082e+02 5.797309999999999945e+02 2.786179999999999950e+02
5.691639999999999873e+02 2.140070000000000050e+02 5.789519999999999982e+02 2.195120000000000005e+02
5.693379999999999654e+02 2.040620000000000118e+02 5.806559999999999491e+02 2.398259999999999934e+02
5.693799999999999955e+02 2.992819999999999823e+02 5.810140000000000100e+02 3.105310000000000059e+02
5.699900000000000091e+02 3.272830000000000155e+02 5.806029999999999518e+02 3.235509999999999877e+02
5.700539999999999736e+02 2.299989999999999952e+02 5.806559999999999491e+02 2.398259999999999934e+02
5.701009999999999991e+02 3.086109999999999900e+02 5.823060000000000400e+02 3.208310000000000173e+02
5.704710000000000036e+02 3.204859999999999900e+02 5.828830000000000382e+02 3.336179999999999950e+02
5.706299999999999955e+02 1.547489999999999952e+02 5.795560000000000400e+02 1.590140000000000100e+02
5.708990000000000009e+02 3.286759999999999877e+02 5.838179999999999836e+02 3.428849999999999909e+02
5.709950000000000045e+02 3.593659999999999854e+02 5.848490000000000464e+02 3.762149999999999750e+02
5.710779999999999745e+02 2.640960000000000036e+02 5.822150000000000318e+02 2.727730000000000246e+02
5.718049999999999500e+02 2.579220000000000255e+02 5.860159999999999627e+02 3.099399999999999977e+02
5.723579999999999472e+02 3.686349999999999909e+02 5.860929999999999609e+02 3.861920000000000073e+02
5.726159999999999854e+02 3.865849999999999795e+02 5.868039999999999736e+02 4.061530000000000200e+02
5.743339999999999463e+02 3.393860000000000241e+02 5.875090000000000146e+02 3.542069999999999936e+02
5.745960000000000036e+02 3.111589999999999918e+02 5.875049999999999955e+02 3.235310000000000059e+02
5.750720000000000027e+02 3.720140000000000100e+02 5.893859999999999673e+02 3.902309999999999945e+02
5.766230000000000473e+02 5.531559999999999491e+02 2.492609999999999957e+02 5.417340000000000373e+02
5.767939999999999827e+02 2.179770000000000039e+02 5.935549999999999500e+02 3.168899999999999864e+02
5.774099999999999682e+02 1.447560000000000002e+02 5.872050000000000409e+02 1.477090000000000032e+02
5.775199999999999818e+02 2.319929999999999950e+02 5.934729999999999563e+02 2.991080000000000041e+02
5.777480000000000473e+02 3.707239999999999895e+02 5.925259999999999536e+02 3.883149999999999977e+02
5.779619999999999891e+02 1.504979999999999905e+02 6.374909999999999854e+02 2.285999999999999943e+02
5.780869999999999891e+02 4.563829999999999814e+02 5.466829999999999927e+02 4.878229999999999791e+02
5.789450000000000500e+02 2.715729999999999791e+02 5.921749999999999545e+02 2.809959999999999809e+02
5.791399999999999864e+02 2.884259999999999877e+02 5.907140000000000555e+02 2.686639999999999873e+02
5.794950000000000045e+02 2.885199999999999818e+02 5.907140000000000555e+02 2.686639999999999873e+02
5.801090000000000373e+02 1.752369999999999948e+02 5.921509999999999536e+02 1.789070000000000107e+02
5.818269999999999982e+02 3.833120000000000118e+02 5.976939999999999600e+02 4.026089999999999804e+02
5.824909999999999854e+02 4.657450000000000045e+02 5.502540000000000191e+02 4.995969999999999800e+02
5.840030000000000427e+02 3.026329999999999814e+02 5.980180000000000291e+02 3.144540000000000077e+02
5.840890000000000555e+02 3.086490000000000009e+02 5.980380000000000109e+02 3.195230000000000246e+02
5.851250000000000000e+02 1.497769999999999868e+02 5.970199999999999818e+02 1.543379999999999939e+02
5.863709999999999809e+02 4.591829999999999927e+02 5.538089999999999691e+02 4.914739999999999895e+02
5.890650000000000546e+02 3.231809999999999832e+02 6.048500000000000227e+02 3.317110000000000127e+02
5.894519999999999982e+02 1.741250000000000000e+02 6.021639999999999873e+02 1.776620000000000061e+02
5.904850000000000136e+02 1.973009999999999877e+02 6.038609999999999900e+02 2.018350000000000080e+02
5.910850000000000364e+02 4.530269999999999868e+02 5.592400000000000091e+02 4.839970000000000141e+02
5.916670000000000300e+02 2.211870000000000118e+02 6.058150000000000546e+02 2.270939999999999941e+02
5.934980000000000473e+02 2.557319999999999993e+02 6.087970000000000255e+02 2.640500000000000114e+02
5.937029999999999745e+02 1.703129999999999882e+02 6.069370000000000118e+02 1.732980000000000018e+02
5.958579999999999472e+02 3.063210000000000264e+02 6.129869999999999663e+02 3.183609999999999900e+02
5.960370000000000346e+02 3.116499999999999773e+02 6.133540000000000418e+02 3.238960000000000150e+02
5.962569999999999482e+02 3.916379999999999768e+02 6.154959999999999809e+02 4.118360000000000127e+02
5.987269999999999754e+02 4.533849999999999909e+02 5.681900000000000546e+02 4.846460000000000150e+02
6.001299999999999955e+02 4.601890000000000214e+02 5.686630000000000109e+02 4.931120000000000232e+02
6.004429999999999836e+02 4.126490000000000009e+02 6.194950000000000045e+02 4.351490000000000009e+02
6.030789999999999509e+02 5.532480000000000473e+02 2.362880000000000109e+02 5.455670000000000073e+02
6.047619999999999436e+02 4.532389999999999759e+02 5.747509999999999764e+02 4.844549999999999841e+02
6.087590000000000146e+02 3.736120000000000232e+02 6.301839999999999691e+02 3.921490000000000009e+02
6.098410000000000082e+02 4.676390000000000100e+02 5.810480000000000018e+02 5.027919999999999732e+02
6.104360000000000355e+02 3.959329999999999927e+02 6.330059999999999718e+02 4.166080000000000041e+02
6.133899999999999864e+02 3.934289999999999736e+02 6.367160000000000082e+02 4.140389999999999873e+02
6.151000000000000227e+02 2.061500000000000057e+02 6.337150000000000318e+02 2.111109999999999900e+02
6.157699999999999818e+02 2.322079999999999984e+02 6.345099999999999909e+02 2.388269999999999982e+02
6.164059999999999491e+02 3.961970000000000027e+02 6.404750000000000227e+02 4.172330000000000041e+02
6.168029999999999973e+02 5.513830000000000382e+02 5.021059999999999945e+02 4.850889999999999986e+02
6.172340000000000373e+02 3.929169999999999732e+02 6.411130000000000564e+02 4.133519999999999754e+02
6.183959999999999582e+02 1.986999999999999886e+02 6.371530000000000200e+02 2.029629999999999939e+02
6.184769999999999754e+02 2.168990000000000009e+02 6.376119999999999663e+02 2.225819999999999936e+02
6.185599999999999454e+02 1.944029999999999916e+02 6.568500000000000227e+02 2.091220000000000141e+02
6.186100000000000136e+02 3.236709999999999923e+02 6.407490000000000236e+02 3.374870000000000232e+02
6.189339999999999691e+02 1.693640000000000043e+02 6.368550000000000182e+02 1.732909999999999968e+02
6.192749999999999773e+02 1.944759999999999991e+02 6.385689999999999600e+02 1.990320000000000107e+02
6.195489999999999782e+02 2.129319999999999879e+02 6.393060000000000400e+02 2.188969999999999914e+02
6.209210000000000491e+02 2.208940000000000055e+02 6.406100000000000136e+02 2.276680000000000064e+02
6.209210000000000491e+02 2.208940000000000055e+02 6.406100000000000136e+02 2.276680000000000064e+02
6.210270000000000437e+02 3.123149999999999977e+02 6.442839999999999918e+02 3.253980000000000246e+02
6.217409999999999854e+02 3.305810000000000173e+02 6.449930000000000518e+02 3.447280000000000086e+02
6.219389999999999645e+02 3.368199999999999932e+02 6.452680000000000291e+02 3.514750000000000227e+02
6.227680000000000291e+02 3.931150000000000091e+02 6.476530000000000200e+02 4.133659999999999854e+02
6.227899999999999636e+02 3.929139999999999873e+02 6.476530000000000200e+02 4.133659999999999854e+02
6.230539999999999736e+02 2.411320000000000050e+02 6.438740000000000236e+02 2.482110000000000127e+02
6.238890000000000100e+02 2.828650000000000091e+02 6.463640000000000327e+02 2.933310000000000173e+02
6.241509999999999536e+02 2.936999999999999886e+02 6.467440000000000282e+02 3.053559999999999945e+02
6.242329999999999472e+02 4.535330000000000155e+02 5.983110000000000355e+02 4.840779999999999745e+02
6.243379999999999654e+02 3.183349999999999795e+02 6.473360000000000127e+02 3.312090000000000032e+02
6.252519999999999527e+02 3.142509999999999764e+02 6.485819999999999936e+02 3.267010000000000218e+02
6.255629999999999882e+02 1.769629999999999939e+02 6.624819999999999709e+02 1.887899999999999920e+02
6.260170000000000528e+02 1.905120000000000005e+02 6.457229999999999563e+02 1.945850000000000080e+02
6.263039999999999736e+02 2.875860000000000127e+02 6.486950000000000500e+02 2.976429999999999723e+02
6.265099999999999909e+02 3.431440000000000055e+02 6.510739999999999554e+02 3.588410000000000082e+02
6.273859999999999673e+02 2.101160000000000139e+02 6.479049999999999727e+02 2.152019999999999982e+02
6.277960000000000491e+02 2.165780000000000030e+02 6.486090000000000373e+02 2.220819999999999936e+02
6.279160000000000537e+02 2.921600000000000250e+02 6.509579999999999700e+02 3.028190000000000168e+02
6.309759999999999991e+02 3.501970000000000027e+02 6.572179999999999609e+02 3.661240000000000236e+02
6.310149999999999864e+02 2.667250000000000227e+02 6.538809999999999718e+02 2.751370000000000005e+02
6.316979999999999791e+02 2.075639999999999930e+02 6.529819999999999709e+02 2.125840000000000032e+02
6.317359999999999900e+02 2.931999999999999886e+02 6.550599999999999454e+02 3.035339999999999918e+02
6.318010000000000446e+02 2.763340000000000032e+02 6.553189999999999600e+02 2.859420000000000073e+02
6.321760000000000446e+02 3.929739999999999895e+02 6.598579999999999472e+02 4.134420000000000073e+02
6.328999999999999773e+02 3.846809999999999832e+02 6.601509999999999536e+02 4.038589999999999804e+02
6.337140000000000555e+02 3.128140000000000214e+02 6.585769999999999982e+02 3.256510000000000105e+02
6.345860000000000127e+02 3.276979999999999791e+02 6.602069999999999936e+02 3.413750000000000000e+02
6.350330000000000155e+02 2.082489999999999952e+02 6.569719999999999800e+02 2.133509999999999991e+02
6.356079999999999472e+02 3.388489999999999895e+02 6.618849999999999909e+02 3.539700000000000273e+02
6.356079999999999472e+02 3.388489999999999895e+02 6.618849999999999909e+02 3.539700000000000273e+02
6.359320000000000164e+02 3.731379999999999768e+02 6.831929999999999836e+02 3.939979999999999905e+02
6.360220000000000482e+02 4.652350000000000136e+02 6.144500000000000455e+02 4.994929999999999950e+02
6.360220000000000482e+02 2.224029999999999916e+02 6.587699999999999818e+02 2.282570000000000050e+02
6.360549999999999500e+02 3.804700000000000273e+02 6.637179999999999609e+02 4.001109999999999900e+02
6.362530000000000427e+02 3.681279999999999859e+02 6.875159999999999627e+02 3.370899999999999750e+02
6.370940000000000509e+02 2.480049999999999955e+02 6.600720000000000027e+02 2.550889999999999986e+02
6.373160000000000309e+02 2.300749999999999886e+02 6.605750000000000455e+02 2.365269999999999868e+02
6.378319999999999936e+02 2.541119999999999948e+02 6.616760000000000446e+02 2.619569999999999936e+02
6.383680000000000518e+02 2.645339999999999918e+02 6.622549999999999955e+02 2.730369999999999777e+02
6.397599999999999909e+02 2.440879999999999939e+02 6.635800000000000409e+02 2.509960000000000093e+02
6.399850000000000136e+02 2.289660000000000082e+02 6.638390000000000555e+02 2.348110000000000070e+02
6.404230000000000018e+02 2.895670000000000073e+02 6.659189999999999827e+02 2.998009999999999877e+02
6.404230000000000018e+02 2.895670000000000073e+02 6.659189999999999827e+02 2.998009999999999877e+02
6.408479999999999563e+02 1.864499999999999886e+02 6.624819999999999709e+02 1.887899999999999920e+02
6.408959999999999582e+02 2.989920000000000186e+02 6.668329999999999700e+02 3.104429999999999836e+02
6.409619999999999891e+02 4.635289999999999964e+02 6.214819999999999709e+02 4.973890000000000100e+02
6.410789999999999509e+02 4.130539999999999736e+02 3.725860000000000127e+02 3.924660000000000082e+02
6.424360000000000355e+02 2.117789999999999964e+02 6.659950000000000045e+02 2.170660000000000025e+02
6.427749999999999773e+02 2.190209999999999866e+02 6.666119999999999663e+02 2.250089999999999861e+02
6.428200000000000500e+02 3.464759999999999991e+02 6.707000000000000455e+02 3.620830000000000268e+02
6.430140000000000100e+02 3.514359999999999786e+02 6.712530000000000427e+02 3.674329999999999927e+02
6.438390000000000555e+02 2.980369999999999777e+02 6.704170000000000300e+02 3.089780000000000086e+02
6.450570000000000164e+02 2.471529999999999916e+02 6.701749999999999545e+02 2.546510000000000105e+02
6.456190000000000282e+02 3.337850000000000250e+02 6.735839999999999463e+02 3.478750000000000000e+02
6.457609999999999673e+02 4.703330000000000268e+02 6.271960000000000264e+02 5.061999999999999886e+02
6.465449999999999591e+02 2.730729999999999791e+02 6.727179999999999609e+02 2.819940000000000282e+02
6.473750000000000000e+02 2.808020000000000209e+02 6.742369999999999663e+02 2.914359999999999786e+02
6.475789999999999509e+02 2.285850000000000080e+02 6.724880000000000564e+02 2.345829999999999984e+02
6.475950000000000273e+02 2.986229999999999905e+02 6.600720000000000027e+02 2.550889999999999986e+02
6.480000000000000000e+02 2.527640000000000100e+02 6.737640000000000100e+02 2.605620000000000118e+02
6.484099999999999682e+02 3.045590000000000259e+02 6.810890000000000555e+02 2.826870000000000118e+02
6.490159999999999627e+02 2.785029999999999859e+02 6.759370000000000118e+02 2.882620000000000005e+02
6.496090000000000373e+02 2.129540000000000077e+02 6.745710000000000264e+02 2.185740000000000123e+02
6.504640000000000555e+02 3.305360000000000014e+02 6.795389999999999873e+02 3.445819999999999936e+02
6.509740000000000464e+02 3.389350000000000023e+02 6.805320000000000391e+02 3.538450000000000273e+02
6.516040000000000418e+02 2.545660000000000025e+02 6.600720000000000027e+02 2.550889999999999986e+02
6.517250000000000227e+02 2.447119999999999891e+02 6.807269999999999754e+02 2.529209999999999923e+02
6.522069999999999936e+02 3.756569999999999823e+02 6.831929999999999836e+02 3.939979999999999905e+02
6.525729999999999791e+02 4.423109999999999786e+02 6.880130000000000337e+02 2.694920000000000186e+02
6.525739999999999554e+02 2.608929999999999723e+02 6.795209999999999582e+02 2.691159999999999854e+02
6.543600000000000136e+02 4.446080000000000041e+02 3.113059999999999832e+02 4.164619999999999891e+02
6.545850000000000364e+02 2.509879999999999995e+02 6.815190000000000055e+02 2.578879999999999768e+02
6.548780000000000427e+02 2.007880000000000109e+02 6.800620000000000118e+02 2.052640000000000100e+02
6.550789999999999509e+02 2.138249999999999886e+02 6.809149999999999636e+02 2.193880000000000052e+02
6.551570000000000391e+02 2.932860000000000014e+02 6.839020000000000437e+02 3.040419999999999732e+02
6.551570000000000391e+02 2.932860000000000014e+02 6.839020000000000437e+02 3.040419999999999732e+02
6.551620000000000346e+02 7.866249999999999432e+01 6.930910000000000082e+02 9.331529999999999347e+01
6.551620000000000346e+02 7.866249999999999432e+01 6.930910000000000082e+02 9.331529999999999347e+01
6.558680000000000518e+02 3.037909999999999968e+02 6.851259999999999764e+02 3.159850000000000136e+02
6.563479999999999563e+02 2.267789999999999964e+02 6.826549999999999727e+02 2.330159999999999911e+02
6.572279999999999518e+02 3.238670000000000186e+02 6.875159999999999627e+02 3.370899999999999750e+02
6.572279999999999518e+02 3.238670000000000186e+02 6.875159999999999627e+02 3.370899999999999750e+02
6.591820000000000164e+02 2.546040000000000134e+02 6.870009999999999764e+02 2.618999999999999773e+02
6.595549999999999500e+02 2.606970000000000027e+02 6.880130000000000337e+02 2.694920000000000186e+02
6.599009999999999536e+02 1.931049999999999898e+02 5.726380000000000337e+02 1.296040000000000134e+02
6.626159999999999854e+02 3.043020000000000209e+02 6.931539999999999964e+02 3.161630000000000109e+02
6.629310000000000400e+02 3.224940000000000282e+02 6.826549999999999727e+02 2.330159999999999911e+02
6.633429999999999609e+02 3.179569999999999936e+02 6.944980000000000473e+02 3.306870000000000118e+02
6.635760000000000218e+02 4.352970000000000255e+02 6.563390000000000555e+02 4.620950000000000273e+02
6.643890000000000100e+02 3.298559999999999945e+02 6.846979999999999791e+02 2.474230000000000018e+02
6.659869999999999663e+02 4.328720000000000141e+02 6.604320000000000164e+02 4.594390000000000214e+02
6.668819999999999482e+02 3.737320000000000277e+02 6.485819999999999936e+02 3.267010000000000218e+02
6.691299999999999955e+02 4.326109999999999900e+02 6.638899999999999864e+02 4.584259999999999877e+02
6.692749999999999773e+02 4.664839999999999804e+02 6.644389999999999645e+02 5.006800000000000068e+02
6.698189999999999600e+02 4.589979999999999905e+02 6.646250000000000000e+02 4.913770000000000095e+02
6.700309999999999491e+02 4.420000000000000000e+02 6.680990000000000464e+02 4.698480000000000132e+02
6.736620000000000346e+02 4.597950000000000159e+02 6.699759999999999991e+02 4.919449999999999932e+02
6.736620000000000346e+02 4.597950000000000159e+02 6.699759999999999991e+02 4.919449999999999932e+02
6.746150000000000091e+02 3.899920000000000186e+02 5.060790000000000077e+02 4.610969999999999800e+02
6.772720000000000482e+02 4.570559999999999832e+02 6.751860000000000355e+02 4.890539999999999736e+02
6.786810000000000400e+02 4.625620000000000118e+02 6.768880000000000337e+02 4.950799999999999841e+02
6.826459999999999582e+02 4.428650000000000091e+02 6.859410000000000309e+02 4.715570000000000164e+02
6.852670000000000528e+02 4.439569999999999936e+02 6.891480000000000246e+02 4.726039999999999850e+02
7.019829999999999472e+02 3.516659999999999968e+02 7.344049999999999727e+02 3.667880000000000109e+02
7.035700000000000500e+02 3.492250000000000227e+02 7.357989999999999782e+02 3.634830000000000041e+02
7.090819999999999936e+02 3.490110000000000241e+02 7.420919999999999845e+02 3.641170000000000186e+02
7.146689999999999827e+02 4.355989999999999895e+02 7.278269999999999982e+02 4.627479999999999905e+02
7.226920000000000073e+02 3.456569999999999823e+02 7.801699999999999591e+02 3.632180000000000177e+02
7.296330000000000382e+02 4.570350000000000250e+02 7.517709999999999582e+02 4.890299999999999727e+02
7.313390000000000555e+02 4.341030000000000086e+02 7.538369999999999891e+02 4.613929999999999723e+02
7.317459999999999809e+02 4.426600000000000250e+02 7.542549999999999955e+02 4.715099999999999909e+02
7.317459999999999809e+02 4.426600000000000250e+02 7.542549999999999955e+02 4.715099999999999909e+02
7.345449999999999591e+02 4.509920000000000186e+02 7.585769999999999982e+02 4.813759999999999764e+02
7.663450000000000273e+02 5.939400000000000546e+02 7.521319999999999482e+02 5.929850000000000136e+02
7.683129999999999882e+02 4.382869999999999777e+02 5.594589999999999463e+02 1.769790000000000134e+02
7.763759999999999764e+02 3.489599999999999795e+02 7.947569999999999482e+02 5.920620000000000118e+02
7.781130000000000564e+02 5.949429999999999836e+02 7.780890000000000555e+02 5.949769999999999754e+02
7.875499999999999545e+02 4.431030000000000086e+02 7.865629999999999882e+02 4.737730000000000246e+02
7.899470000000000027e+02 5.335330000000000155e+02 6.520050000000000523e+01 5.901140000000000327e+02
7.917000000000000455e+02 5.628669999999999618e+02 1.061170000000000044e+02 5.876970000000000027e+02
7.918479999999999563e+02 3.052520000000000095e+02 7.918479999999999563e+02 3.052520000000000095e+02
7.928519999999999754e+02 2.542539999999999907e+02 7.918479999999999563e+02 3.052520000000000095e+02
7.929660000000000082e+02 5.070199999999999818e+02 7.939249999999999545e+02 5.281499999999999773e+02
7.938519999999999754e+02 2.183009999999999877e+02 7.928509999999999991e+02 2.543029999999999973e+02
7.947259999999999991e+02 5.920819999999999936e+02 7.947569999999999482e+02 5.920620000000000118e+02
7.947259999999999991e+02 5.920819999999999936e+02 7.947569999999999482e+02 5.920620000000000118e+02
