8.029719999999999303e+00 4.520310000000000059e+02 7.859489999999999554e+02 4.341700000000000159e+02
3.705830000000000268e+01 4.720590000000000259e+02 7.210729999999999791e+02 4.514920000000000186e+02
7.951099999999999568e+01 1.944470000000000027e+02 1.029860000000000042e+01 1.502620000000000005e+02
8.056470000000000198e+01 1.912199999999999989e+02 1.096230000000000082e+01 1.468180000000000121e+02
8.476999999999999602e+01 2.905079999999999814e+02 1.905030000000000001e+01 2.554890000000000043e+02
8.477150000000000318e+01 2.304650000000000034e+02 1.960569999999999879e+01 1.908259999999999934e+02
8.480740000000000123e+01 2.110509999999999877e+02 1.885829999999999984e+01 1.695169999999999959e+02
8.517409999999999570e+01 1.938870000000000005e+02 1.762020000000000053e+01 1.504410000000000025e+02
8.562130000000000507e+01 2.137860000000000014e+02 1.958800000000000097e+01 1.726990000000000123e+02
8.878579999999999472e+01 2.328369999999999891e+02 2.449960000000000093e+01 1.939739999999999895e+02
8.962069999999999936e+01 2.184679999999999893e+02 2.426099999999999923e+01 1.781920000000000073e+02
9.069710000000000605e+01 2.252069999999999936e+02 2.628419999999999845e+01 1.859859999999999900e+02
9.092419999999999902e+01 2.429379999999999882e+02 2.615530000000000044e+01 2.043559999999999945e+02
9.370000000000000284e+01 2.358189999999999884e+02 3.041730000000000089e+01 1.973930000000000007e+02
9.607030000000000314e+01 2.821909999999999741e+02 3.173069999999999879e+01 2.466399999999999864e+02
9.913809999999999434e+01 2.315550000000000068e+02 3.690930000000000177e+01 1.932839999999999918e+02
9.964549999999999841e+01 2.799180000000000064e+02 3.764670000000000272e+01 2.451279999999999859e+02
9.987080000000000268e+01 2.660640000000000214e+02 3.837630000000000052e+01 2.303100000000000023e+02
1.013199999999999932e+02 2.205540000000000020e+02 3.892060000000000031e+01 1.816289999999999907e+02
1.013199999999999932e+02 2.205540000000000020e+02 3.892060000000000031e+01 1.816289999999999907e+02
1.025450000000000017e+02 2.092839999999999918e+02 4.009459999999999980e+01 1.689370000000000118e+02
1.047770000000000010e+02 2.129279999999999973e+02 4.242519999999999669e+01 1.731500000000000057e+02
1.055600000000000023e+02 2.191959999999999980e+02 4.361639999999999873e+01 1.800639999999999930e+02
1.055600000000000023e+02 2.191959999999999980e+02 4.361639999999999873e+01 1.800639999999999930e+02
1.057300000000000040e+02 2.241539999999999964e+02 4.413340000000000174e+01 1.853700000000000045e+02
1.080319999999999965e+02 2.722989999999999782e+02 4.894330000000000069e+01 2.378040000000000020e+02
1.128100000000000023e+02 5.548890000000000100e+02 3.376700000000000301e+01 5.315729999999999791e+02
1.142309999999999945e+02 2.618679999999999950e+02 5.304710000000000036e+01 2.257400000000000091e+02
1.142309999999999945e+02 2.618679999999999950e+02 5.304710000000000036e+01 2.257400000000000091e+02
1.197339999999999947e+02 2.577269999999999754e+02 5.910479999999999734e+01 2.218710000000000093e+02
1.205540000000000020e+02 2.859580000000000268e+02 7.346449999999999818e+02 3.536539999999999964e+02
1.211830000000000069e+02 2.516750000000000114e+02 6.119019999999999726e+01 2.152119999999999891e+02
1.221020000000000039e+02 2.289670000000000130e+02 6.296940000000000026e+01 1.927940000000000111e+02
1.251320000000000050e+02 2.659660000000000082e+02 6.485529999999999973e+01 2.310329999999999870e+02
1.268529999999999944e+02 2.585950000000000273e+02 6.753740000000000521e+01 2.233009999999999877e+02
1.569710000000000036e+02 2.990400000000000205e+02 7.156879999999999882e+02 5.289149999999999636e+02
1.634739999999999895e+02 2.900310000000000059e+02 1.063379999999999939e+02 2.491649999999999920e+02
1.696200000000000045e+02 2.839449999999999932e+02 1.063379999999999939e+02 2.491649999999999920e+02
1.776119999999999948e+02 4.663249999999999886e+02 6.073740000000000094e+01 4.362989999999999782e+02
1.935480000000000018e+02 3.008550000000000182e+02 5.131280000000000427e+02 4.588779999999999859e+02
1.993629999999999995e+02 3.914850000000000136e+02 1.274909999999999997e+02 3.613750000000000000e+02
2.042479999999999905e+02 3.741390000000000100e+02 1.479879999999999995e+02 3.021580000000000155e+02
2.050680000000000121e+02 3.595840000000000032e+02 1.326829999999999927e+02 3.286000000000000227e+02
2.063290000000000077e+02 3.095299999999999727e+02 1.359099999999999966e+02 2.756619999999999777e+02
2.069490000000000123e+02 4.685020000000000095e+02 9.373369999999999891e+01 4.431720000000000255e+02
2.069490000000000123e+02 4.685020000000000095e+02 9.373369999999999891e+01 4.431720000000000255e+02
2.075939999999999941e+02 4.633999999999999773e+02 1.070510000000000019e+02 4.378070000000000164e+02
2.086970000000000027e+02 3.736709999999999923e+02 1.365229999999999961e+02 3.442740000000000009e+02
2.099939999999999998e+02 3.522629999999999768e+02 1.371910000000000025e+02 3.203509999999999991e+02
2.106339999999999861e+02 3.849150000000000205e+02 1.365389999999999873e+02 3.547379999999999995e+02
2.140589999999999975e+02 3.825590000000000259e+02 1.630829999999999984e+02 3.455299999999999727e+02
2.158890000000000100e+02 2.941739999999999782e+02 1.449660000000000082e+02 2.578980000000000246e+02
2.165049999999999955e+02 3.553349999999999795e+02 1.424830000000000041e+02 3.238229999999999791e+02
2.226670000000000016e+02 4.656429999999999723e+02 1.203499999999999943e+02 4.404529999999999745e+02
2.244300000000000068e+02 4.688159999999999741e+02 1.409840000000000089e+02 4.439669999999999845e+02
2.299770000000000039e+02 4.741150000000000091e+02 1.280809999999999889e+02 4.559390000000000214e+02
2.304859999999999900e+02 3.148539999999999850e+02 1.564600000000000080e+02 2.804830000000000041e+02
2.310490000000000066e+02 2.555070000000000050e+02 1.596579999999999870e+02 2.168700000000000045e+02
2.311270000000000095e+02 4.689809999999999945e+02 1.302019999999999982e+02 4.438919999999999959e+02
2.328799999999999955e+02 2.468950000000000102e+02 1.612599999999999909e+02 2.076800000000000068e+02
2.329120000000000061e+02 2.952669999999999959e+02 1.596129999999999995e+02 2.593960000000000150e+02
2.354099999999999966e+02 3.638700000000000045e+02 1.584650000000000034e+02 3.323829999999999814e+02
2.415910000000000082e+02 3.753220000000000027e+02 1.630829999999999984e+02 3.455299999999999727e+02
2.441500000000000057e+02 1.793449999999999989e+02 3.310419999999999732e+02 7.736620000000000630e+01
2.441899999999999977e+02 2.568620000000000232e+02 1.707669999999999959e+02 2.177669999999999959e+02
2.441899999999999977e+02 2.568620000000000232e+02 1.707669999999999959e+02 2.177669999999999959e+02
2.465219999999999914e+02 1.824039999999999964e+02 1.815490000000000066e+02 1.400159999999999911e+02
2.467680000000000007e+02 2.392839999999999918e+02 1.731980000000000075e+02 1.958040000000000020e+02
2.475740000000000123e+02 4.687309999999999945e+02 1.409840000000000089e+02 4.439669999999999845e+02
2.490869999999999891e+02 2.551080000000000041e+02 1.750039999999999907e+02 2.158779999999999859e+02
2.491260000000000048e+02 3.039220000000000255e+02 1.721349999999999909e+02 2.688550000000000182e+02
2.533679999999999950e+02 2.152450000000000045e+02 1.796790000000000020e+02 1.730879999999999939e+02
2.536090000000000089e+02 3.751349999999999909e+02 1.896709999999999923e+02 3.395500000000000114e+02
2.536090000000000089e+02 3.751349999999999909e+02 1.730670000000000073e+02 3.440939999999999941e+02
2.537079999999999984e+02 3.142250000000000227e+02 1.758389999999999986e+02 2.788050000000000068e+02
2.547379999999999995e+02 2.217129999999999939e+02 1.816409999999999911e+02 1.797700000000000102e+02
2.564660000000000082e+02 1.754780000000000086e+02 2.785090000000000146e+02 9.831459999999999866e+01
2.570169999999999959e+02 3.007649999999999864e+02 1.432520000000000095e+02 2.890679999999999836e+02
2.573720000000000141e+02 2.044089999999999918e+02 1.839050000000000011e+02 1.604350000000000023e+02
2.574279999999999973e+02 5.369329999999999927e+02 3.376700000000000301e+01 5.315729999999999791e+02
2.594909999999999854e+02 3.720950000000000273e+02 1.953600000000000136e+02 3.361870000000000118e+02
2.617239999999999895e+02 3.384649999999999750e+02 1.813350000000000080e+02 3.051750000000000114e+02
2.617239999999999895e+02 3.384649999999999750e+02 1.813350000000000080e+02 3.051750000000000114e+02
2.621499999999999773e+02 3.221329999999999814e+02 1.825790000000000077e+02 2.880439999999999827e+02
2.621499999999999773e+02 3.221329999999999814e+02 1.825790000000000077e+02 2.880439999999999827e+02
2.649519999999999982e+02 4.725260000000000105e+02 1.963789999999999907e+02 4.580099999999999909e+02
2.664460000000000264e+02 2.723220000000000027e+02 1.881579999999999870e+02 2.347760000000000105e+02
2.670380000000000109e+02 3.302780000000000200e+02 1.867050000000000125e+02 2.965590000000000259e+02
2.672339999999999804e+02 3.436859999999999786e+02 1.863650000000000091e+02 3.093460000000000036e+02
2.709060000000000059e+02 2.071899999999999977e+02 1.816409999999999911e+02 1.797700000000000102e+02
2.709060000000000059e+02 2.071899999999999977e+02 1.964540000000000077e+02 1.627549999999999955e+02
2.712690000000000055e+02 4.684279999999999973e+02 1.644410000000000025e+02 4.436229999999999905e+02
2.712919999999999732e+02 2.496430000000000007e+02 1.945120000000000005e+02 2.080740000000000123e+02
2.714669999999999845e+02 3.461179999999999950e+02 1.896529999999999916e+02 3.134929999999999950e+02
2.736229999999999905e+02 4.849100000000000250e+02 1.205289999999999964e+02 4.557810000000000059e+02
2.743140000000000214e+02 4.719259999999999877e+02 1.670140000000000100e+02 4.483740000000000236e+02
2.752679999999999723e+02 3.200260000000000105e+02 5.661979999999999791e+02 1.373000000000000114e+02
2.778480000000000132e+02 3.270939999999999941e+02 1.956730000000000018e+02 2.923460000000000036e+02
2.785950000000000273e+02 2.630810000000000173e+02 1.991560000000000059e+02 2.241620000000000061e+02
2.796279999999999859e+02 4.049420000000000073e+02 1.939509999999999934e+02 3.761610000000000014e+02
2.834139999999999873e+02 2.499819999999999993e+02 2.045869999999999891e+02 2.090159999999999911e+02
2.836580000000000155e+02 4.151469999999999914e+02 1.975680000000000121e+02 3.876290000000000191e+02
2.846709999999999923e+02 3.449909999999999854e+02 2.014579999999999984e+02 3.123389999999999986e+02
2.859470000000000027e+02 5.476280000000000427e+02 1.008769999999999953e+02 5.315059999999999718e+02
2.870769999999999982e+02 3.261850000000000023e+02 2.040620000000000118e+02 2.929639999999999986e+02
2.881669999999999732e+02 4.118799999999999955e+02 2.021870000000000118e+02 3.833999999999999773e+02
2.890489999999999782e+02 1.640819999999999936e+02 2.127789999999999964e+02 1.141650000000000063e+02
2.890489999999999782e+02 1.640819999999999936e+02 2.127789999999999964e+02 1.141650000000000063e+02
2.893969999999999914e+02 2.708550000000000182e+02 2.079600000000000080e+02 2.329470000000000027e+02
2.894870000000000232e+02 1.909660000000000082e+02 2.131990000000000123e+02 1.436999999999999886e+02
2.910140000000000100e+02 2.552549999999999955e+02 2.116250000000000000e+02 2.131030000000000086e+02
2.916259999999999764e+02 2.840749999999999886e+02 2.093919999999999959e+02 2.462920000000000016e+02
2.941170000000000186e+02 2.945640000000000214e+02 2.113439999999999941e+02 2.574680000000000177e+02
2.942040000000000077e+02 2.349199999999999875e+02 2.149780000000000086e+02 1.910840000000000032e+02
2.946549999999999727e+02 2.852239999999999895e+02 2.122909999999999968e+02 2.474939999999999998e+02
2.950849999999999795e+02 2.789399999999999977e+02 2.131570000000000107e+02 2.403959999999999866e+02
2.962930000000000064e+02 1.931090000000000089e+02 2.149780000000000086e+02 1.910840000000000032e+02
2.966480000000000246e+02 3.165559999999999832e+02 2.139929999999999950e+02 2.817459999999999809e+02
2.966480000000000246e+02 3.165559999999999832e+02 2.139929999999999950e+02 2.817459999999999809e+02
3.000049999999999955e+02 2.349240000000000066e+02 2.199180000000000064e+02 1.921220000000000141e+02
3.057869999999999777e+02 3.195539999999999736e+02 2.245620000000000118e+02 2.853269999999999982e+02
3.058210000000000264e+02 1.635130000000000052e+02 2.278060000000000116e+02 1.139699999999999989e+02
3.068330000000000268e+02 3.971259999999999764e+02 2.234110000000000014e+02 3.689379999999999882e+02
3.068519999999999754e+02 4.730389999999999873e+02 1.644410000000000025e+02 4.436229999999999905e+02
3.071209999999999809e+02 3.230690000000000168e+02 2.261899999999999977e+02 2.893050000000000068e+02
3.093229999999999791e+02 2.098810000000000002e+02 2.315819999999999936e+02 1.655699999999999932e+02
3.093229999999999791e+02 2.098810000000000002e+02 2.315819999999999936e+02 1.655699999999999932e+02
3.097160000000000082e+02 1.531239999999999952e+02 2.333909999999999911e+02 1.026179999999999950e+02
3.097160000000000082e+02 1.531239999999999952e+02 2.333909999999999911e+02 1.026179999999999950e+02
3.098290000000000077e+02 5.158650000000000091e+02 1.291860000000000070e+02 5.009060000000000059e+02
3.105489999999999782e+02 3.268439999999999941e+02 2.299110000000000014e+02 2.934119999999999777e+02
3.105489999999999782e+02 3.268439999999999941e+02 2.299110000000000014e+02 2.934119999999999777e+02
3.155570000000000164e+02 4.963129999999999882e+02 1.280809999999999889e+02 4.559390000000000214e+02
3.162939999999999827e+02 2.948220000000000027e+02 2.377510000000000048e+02 2.590930000000000177e+02
3.166890000000000214e+02 5.847730000000000246e+02 2.701150000000000091e+02 5.869329999999999927e+02
3.176920000000000073e+02 5.878329999999999700e+02 2.701150000000000091e+02 5.869329999999999927e+02
3.178949999999999818e+02 2.181959999999999980e+02 2.413580000000000041e+02 1.752729999999999961e+02
3.205690000000000168e+02 1.469710000000000036e+02 2.597939999999999827e+02 9.655159999999999343e+01
3.207900000000000205e+02 1.476740000000000066e+02 2.597939999999999827e+02 9.655159999999999343e+01
3.211279999999999859e+02 1.819339999999999975e+02 2.462969999999999970e+02 1.356129999999999995e+02
3.231700000000000159e+02 1.855610000000000070e+02 2.485569999999999879e+02 1.393919999999999959e+02
3.231700000000000159e+02 1.855610000000000070e+02 2.485569999999999879e+02 1.393919999999999959e+02
3.256669999999999732e+02 2.961519999999999868e+02 2.482290000000000134e+02 2.607830000000000155e+02
3.278369999999999891e+02 4.850029999999999859e+02 2.104850000000000136e+02 4.631680000000000064e+02
3.291250000000000000e+02 2.696379999999999768e+02 2.528590000000000089e+02 2.321690000000000111e+02
3.294359999999999786e+02 5.255860000000000127e+02 1.488340000000000032e+02 5.142069999999999936e+02
3.323480000000000132e+02 2.066740000000000066e+02 2.585969999999999800e+02 1.634720000000000084e+02
3.323480000000000132e+02 2.066740000000000066e+02 2.585969999999999800e+02 1.634720000000000084e+02
3.341299999999999955e+02 1.854509999999999934e+02 2.615450000000000159e+02 1.403629999999999995e+02
3.346610000000000014e+02 5.330389999999999873e+02 1.528789999999999907e+02 5.229099999999999682e+02
3.353469999999999800e+02 2.234979999999999905e+02 2.615670000000000073e+02 1.819039999999999964e+02
3.354900000000000091e+02 2.447909999999999968e+02 2.609460000000000264e+02 2.053720000000000141e+02
3.364660000000000082e+02 4.850299999999999727e+02 2.191380000000000052e+02 4.631209999999999809e+02
3.371469999999999914e+02 5.324850000000000136e+02 1.528789999999999907e+02 5.229099999999999682e+02
3.394130000000000109e+02 5.378719999999999573e+02 1.589410000000000025e+02 5.285339999999999918e+02
3.397760000000000105e+02 1.430360000000000014e+02 2.785090000000000146e+02 9.831459999999999866e+01
3.398290000000000077e+02 2.254509999999999934e+02 2.666460000000000150e+02 1.844579999999999984e+02
3.421859999999999786e+02 5.328959999999999582e+02 1.603720000000000141e+02 5.236290000000000191e+02
3.425679999999999836e+02 1.896579999999999870e+02 2.712200000000000273e+02 1.454339999999999975e+02
3.456600000000000250e+02 5.368590000000000373e+02 1.589410000000000025e+02 5.285339999999999918e+02
3.476539999999999964e+02 2.738079999999999927e+02 5.054739999999999895e+02 2.920199999999999818e+02
3.484970000000000141e+02 2.424279999999999973e+02 2.761650000000000205e+02 2.035999999999999943e+02
3.499130000000000109e+02 2.379039999999999964e+02 2.778369999999999891e+02 1.985670000000000073e+02
3.581449999999999818e+02 1.698060000000000116e+02 2.903860000000000241e+02 1.251889999999999930e+02
3.600509999999999877e+02 5.359400000000000546e+02 1.589410000000000025e+02 5.285339999999999918e+02
3.604390000000000214e+02 4.672869999999999777e+02 2.907610000000000241e+02 4.438580000000000041e+02
3.640690000000000168e+02 1.338679999999999950e+02 3.040289999999999964e+02 8.831889999999999930e+01
3.641589999999999918e+02 2.492419999999999902e+02 2.947429999999999950e+02 2.130999999999999943e+02
3.658759999999999764e+02 1.978160000000000025e+02 6.603830000000000382e+02 5.468859999999999673e+02
3.693290000000000077e+02 5.341069999999999709e+02 1.990049999999999955e+02 5.243980000000000246e+02
3.711970000000000027e+02 1.693810000000000002e+02 2.854019999999999868e+02 1.169369999999999976e+02
3.725419999999999732e+02 4.698519999999999754e+02 2.591519999999999868e+01 3.986279999999999859e+02
3.725969999999999800e+02 2.045999999999999943e+02 3.055520000000000209e+02 1.637299999999999898e+02
3.731129999999999995e+02 4.691890000000000214e+02 2.369499999999999886e+02 4.461949999999999932e+02
3.744710000000000036e+02 2.391599999999999966e+02 3.063020000000000209e+02 2.015540000000000020e+02
3.768319999999999936e+02 2.621270000000000095e+02 5.054739999999999895e+02 2.920199999999999818e+02
3.771499999999999773e+02 2.374180000000000064e+02 3.094370000000000118e+02 1.995029999999999859e+02
3.820749999999999886e+02 2.023640000000000043e+02 3.164470000000000027e+02 1.619019999999999868e+02
3.835819999999999936e+02 4.754920000000000186e+02 4.644119999999999777e+02 3.483220000000000027e+02
3.860000000000000000e+02 2.530629999999999882e+02 3.191700000000000159e+02 2.171260000000000048e+02
3.860000000000000000e+02 2.530629999999999882e+02 3.191700000000000159e+02 2.171260000000000048e+02
3.868570000000000277e+02 4.669080000000000155e+02 2.907610000000000241e+02 4.438580000000000041e+02
3.884279999999999973e+02 1.756639999999999873e+02 3.273840000000000146e+02 1.339219999999999970e+02
3.912490000000000236e+02 4.666309999999999718e+02 2.907610000000000241e+02 4.438580000000000041e+02
3.914889999999999759e+02 2.382839999999999918e+02 3.255409999999999968e+02 2.008220000000000027e+02
3.926899999999999977e+02 1.988329999999999984e+02 3.287029999999999745e+02 1.583640000000000043e+02
3.940529999999999973e+02 1.845190000000000055e+02 3.308260000000000218e+02 1.428890000000000100e+02
3.951220000000000141e+02 1.587079999999999984e+02 3.349649999999999750e+02 1.155379999999999967e+02
4.003820000000000050e+02 1.702789999999999964e+02 3.381560000000000059e+02 1.275739999999999981e+02
4.034990000000000236e+02 1.363069999999999879e+02 3.707339999999999804e+02 8.398290000000000077e+01
4.068220000000000027e+02 2.008489999999999895e+02 3.466220000000000141e+02 1.615269999999999868e+02
4.085699999999999932e+02 1.165330000000000013e+02 3.504279999999999973e+02 7.003959999999999297e+01
4.087959999999999923e+02 2.333660000000000139e+02 3.479859999999999900e+02 1.963919999999999959e+02
4.134839999999999804e+02 1.842920000000000016e+02 3.531700000000000159e+02 1.441059999999999945e+02
4.158500000000000227e+02 2.551380000000000052e+02 3.530869999999999891e+02 2.209619999999999891e+02
4.179139999999999873e+02 2.524879999999999995e+02 3.555419999999999732e+02 2.181899999999999977e+02
4.210609999999999786e+02 2.182379999999999995e+02 3.615470000000000255e+02 1.820720000000000027e+02
4.245950000000000273e+02 5.220890000000000555e+02 2.586320000000000050e+02 5.086290000000000191e+02
4.269449999999999932e+02 3.754929999999999950e+02 1.528789999999999907e+02 5.229099999999999682e+02
4.351009999999999991e+02 5.879809999999999945e+02 2.701150000000000091e+02 5.869329999999999927e+02
4.371840000000000259e+02 4.897989999999999782e+02 2.753369999999999891e+02 4.726080000000000041e+02
4.413399999999999750e+02 2.551850000000000023e+02 4.190910000000000082e+02 7.758480000000000132e+01
4.418820000000000050e+02 5.169130000000000109e+02 2.234110000000000014e+02 3.689379999999999882e+02
4.441480000000000246e+02 2.678759999999999764e+02 4.459850000000000136e+02 3.153029999999999973e+02
4.441569999999999823e+02 5.051659999999999968e+02 2.788009999999999877e+02 4.919270000000000209e+02
4.477069999999999936e+02 1.037789999999999964e+02 4.140029999999999859e+02 4.744089999999999918e+01
4.510179999999999723e+02 4.975369999999999777e+02 2.882959999999999923e+02 4.831340000000000146e+02
4.528460000000000036e+02 4.904479999999999791e+02 2.930009999999999764e+02 4.740629999999999882e+02
4.577169999999999845e+02 4.460950000000000273e+02 3.926730000000000018e+02 4.230819999999999936e+02
4.626240000000000236e+02 1.830749999999999886e+02 4.045459999999999923e+02 1.430560000000000116e+02
4.646080000000000041e+02 1.490749999999999886e+02 4.058729999999999905e+02 1.081989999999999981e+02
4.646080000000000041e+02 1.490749999999999886e+02 4.058729999999999905e+02 1.081989999999999981e+02
4.646949999999999932e+02 4.387610000000000241e+02 4.005899999999999750e+02 4.158980000000000246e+02
4.667420000000000186e+02 2.691279999999999859e+02 4.033570000000000277e+02 2.861680000000000064e+02
4.667909999999999968e+02 2.418309999999999889e+02 4.058570000000000277e+02 2.073439999999999941e+02
4.668829999999999814e+02 2.464439999999999884e+02 4.033570000000000277e+02 2.861680000000000064e+02
4.672740000000000009e+02 5.173450000000000273e+02 3.094329999999999927e+02 5.066920000000000073e+02
4.674519999999999982e+02 3.016510000000000105e+02 4.419239999999999782e+02 2.559079999999999870e+02
4.681089999999999804e+02 5.201570000000000391e+02 3.101940000000000168e+02 5.103559999999999945e+02
4.725129999999999768e+02 5.181019999999999754e+02 3.171469999999999914e+02 5.076850000000000023e+02
4.725129999999999768e+02 5.181019999999999754e+02 3.171469999999999914e+02 5.076850000000000023e+02
4.743079999999999927e+02 1.978760000000000048e+02 4.151379999999999768e+02 1.596630000000000109e+02
4.744479999999999791e+02 1.577560000000000002e+02 4.172549999999999955e+02 1.154000000000000057e+02
4.746250000000000000e+02 2.033810000000000002e+02 4.156960000000000264e+02 1.659139999999999873e+02
4.748489999999999895e+02 1.230979999999999990e+02 4.190910000000000082e+02 7.758480000000000132e+01
4.748740000000000236e+02 1.926790000000000020e+02 4.162919999999999732e+02 1.538830000000000098e+02
4.749590000000000032e+02 2.757819999999999823e+02 4.127440000000000282e+02 2.446769999999999925e+02
4.751109999999999900e+02 2.591589999999999918e+02 4.122610000000000241e+02 2.771159999999999854e+02
4.754959999999999809e+02 1.816939999999999884e+02 4.173149999999999977e+02 1.416289999999999907e+02
4.755000000000000000e+02 5.284320000000000164e+02 3.199329999999999927e+02 5.200259999999999536e+02
4.755299999999999727e+02 2.803980000000000246e+02 4.123229999999999791e+02 2.493189999999999884e+02
4.759710000000000036e+02 1.721630000000000109e+02 4.177900000000000205e+02 1.310579999999999927e+02
4.761879999999999882e+02 9.465680000000000405e+01 4.216220000000000141e+02 4.683330000000000126e+01
4.762959999999999923e+02 5.205389999999999873e+02 3.225889999999999986e+02 5.107049999999999841e+02
4.762959999999999923e+02 5.205389999999999873e+02 3.225889999999999986e+02 5.107049999999999841e+02
4.767740000000000009e+02 5.017880000000000109e+02 3.268009999999999877e+02 4.897119999999999891e+02
4.769529999999999745e+02 1.946690000000000111e+02 4.184669999999999845e+02 1.562620000000000005e+02
4.771709999999999923e+02 5.177939999999999827e+02 3.239069999999999823e+02 5.071569999999999823e+02
4.783439999999999941e+02 5.908150000000000546e+02 1.123160000000000025e+02 5.919460000000000264e+02
4.788430000000000177e+02 9.254840000000000089e+01 4.249049999999999727e+02 4.457710000000000150e+01
4.789649999999999750e+02 5.209249999999999545e+02 3.259859999999999900e+02 5.112300000000000182e+02
4.793299999999999841e+02 1.260000000000000000e+02 4.239150000000000205e+02 8.137330000000000041e+01
4.796960000000000264e+02 1.968029999999999973e+02 4.210539999999999736e+02 1.584950000000000045e+02
4.803240000000000123e+02 1.761080000000000041e+02 4.226829999999999927e+02 1.358720000000000141e+02
4.815419999999999732e+02 1.316659999999999968e+02 4.240330000000000155e+02 1.649739999999999895e+02
4.819940000000000282e+02 1.641239999999999952e+02 4.250350000000000250e+02 1.231080000000000041e+02
4.820670000000000073e+02 1.586599999999999966e+02 4.257130000000000223e+02 1.173619999999999948e+02
4.825029999999999859e+02 2.025610000000000070e+02 4.240330000000000155e+02 1.649739999999999895e+02
4.825489999999999782e+02 1.460310000000000059e+02 4.265779999999999745e+02 1.044779999999999944e+02
4.833310000000000173e+02 2.391220000000000141e+02 4.234130000000000109e+02 2.047750000000000057e+02
4.834689999999999941e+02 5.156250000000000000e+02 3.326070000000000277e+02 5.054130000000000109e+02
4.836120000000000232e+02 2.457350000000000136e+02 4.234350000000000023e+02 2.122700000000000102e+02
4.837559999999999718e+02 1.976730000000000018e+02 4.249680000000000177e+02 1.593810000000000002e+02
4.840590000000000259e+02 9.538530000000000086e+01 4.305679999999999836e+02 4.771309999999999718e+01
4.843720000000000141e+02 2.404230000000000018e+02 4.249100000000000250e+02 2.066200000000000045e+02
4.848029999999999973e+02 3.156379999999999768e+02 4.234350000000000023e+02 2.122700000000000102e+02
4.848969999999999914e+02 2.624959999999999809e+02 4.229159999999999968e+02 2.287059999999999889e+02
4.855910000000000082e+02 1.785759999999999934e+02 4.460380000000000109e+02 1.471529999999999916e+02
4.869420000000000073e+02 1.099159999999999968e+02 4.333469999999999800e+02 6.393860000000000099e+01
4.869540000000000077e+02 3.668890000000000100e+02 7.055860000000000127e+02 4.750059999999999718e+02
4.873260000000000218e+02 2.653000000000000114e+02 4.445230000000000246e+02 2.389459999999999980e+02
4.880219999999999914e+02 1.819430000000000121e+02 4.483460000000000036e+02 1.504799999999999898e+02
4.881539999999999964e+02 3.129680000000000177e+02 4.435860000000000127e+02 2.884769999999999754e+02
4.881539999999999964e+02 3.129680000000000177e+02 4.435860000000000127e+02 2.884769999999999754e+02
4.887099999999999795e+02 5.266449999999999818e+02 3.384329999999999927e+02 5.170289999999999964e+02
4.900550000000000068e+02 2.641009999999999991e+02 4.276270000000000095e+02 3.073140000000000214e+02
4.901360000000000241e+02 2.419619999999999891e+02 4.303220000000000027e+02 2.080430000000000064e+02
4.909250000000000114e+02 2.803480000000000132e+02 4.291340000000000146e+02 2.496200000000000045e+02
4.910210000000000150e+02 3.115860000000000127e+02 4.303220000000000027e+02 2.080430000000000064e+02
4.911469999999999914e+02 2.704689999999999941e+02 4.295960000000000036e+02 2.379780000000000086e+02
4.912370000000000232e+02 3.161080000000000041e+02 4.281100000000000136e+02 2.872389999999999759e+02
4.920749999999999886e+02 3.344460000000000264e+02 4.276270000000000095e+02 3.073140000000000214e+02
4.922370000000000232e+02 5.864379999999999882e+02 4.245539999999999736e+02 5.872799999999999727e+02
4.950210000000000150e+02 2.383489999999999895e+02 4.360629999999999882e+02 2.049219999999999970e+02
4.957019999999999982e+02 1.637359999999999900e+02 4.411650000000000205e+02 1.239489999999999981e+02
4.989019999999999868e+02 1.035070000000000050e+02 4.473589999999999804e+02 5.781040000000000134e+01
5.003460000000000036e+02 1.564459999999999980e+02 4.489610000000000127e+02 1.166239999999999952e+02
5.009610000000000127e+02 2.833639999999999759e+02 4.419239999999999782e+02 2.559079999999999870e+02
5.009839999999999804e+02 2.670249999999999773e+02 4.434820000000000277e+02 1.654629999999999939e+02
5.023620000000000232e+02 3.184619999999999891e+02 4.303220000000000027e+02 2.080430000000000064e+02
5.028190000000000168e+02 3.365129999999999768e+02 4.295960000000000036e+02 2.379780000000000086e+02
5.040690000000000168e+02 1.059500000000000028e+02 4.521379999999999768e+02 6.050430000000000064e+01
5.055299999999999727e+02 3.394470000000000027e+02 6.933429999999999609e+02 4.727730000000000246e+02
5.056589999999999918e+02 2.111220000000000141e+02 4.511549999999999727e+02 1.777400000000000091e+02
5.059139999999999873e+02 1.268340000000000032e+02 4.543410000000000082e+02 8.551590000000000202e+01
5.067160000000000082e+02 2.466059999999999945e+02 4.506170000000000186e+02 2.130190000000000055e+02
5.068090000000000259e+02 1.333160000000000025e+02 4.566050000000000182e+02 9.251130000000000564e+01
5.068960000000000150e+02 2.536949999999999932e+02 4.504169999999999732e+02 2.244559999999999889e+02
5.072529999999999859e+02 2.677420000000000186e+02 4.493129999999999882e+02 2.846800000000000068e+02
5.074870000000000232e+02 2.749100000000000250e+02 4.500350000000000250e+02 2.464790000000000134e+02
5.077359999999999900e+02 1.400169999999999959e+02 4.587799999999999727e+02 9.989000000000000057e+01
5.079150000000000205e+02 2.848779999999999859e+02 4.500810000000000173e+02 2.544089999999999918e+02
5.085529999999999973e+02 3.140950000000000273e+02 4.493129999999999882e+02 2.846800000000000068e+02
5.089499999999999886e+02 3.212110000000000127e+02 4.492799999999999727e+02 2.956469999999999914e+02
5.093899999999999864e+02 1.399430000000000121e+02 4.587799999999999727e+02 9.989000000000000057e+01
5.093999999999999773e+02 4.127660000000000196e+02 4.620110000000000241e+02 3.909889999999999759e+02
5.095289999999999964e+02 2.083389999999999986e+02 4.575590000000000259e+02 1.738969999999999914e+02
5.104150000000000205e+02 1.774979999999999905e+02 4.580550000000000068e+02 1.394610000000000127e+02
5.112930000000000064e+02 2.082299999999999898e+02 4.575590000000000259e+02 1.738969999999999914e+02
5.114350000000000023e+02 1.716930000000000121e+02 4.590989999999999895e+02 1.341810000000000116e+02
5.138680000000000518e+02 2.493870000000000005e+02 4.578999999999999773e+02 2.181610000000000014e+02
5.141520000000000437e+02 2.923279999999999745e+02 4.563639999999999759e+02 2.632359999999999900e+02
5.147960000000000491e+02 2.385550000000000068e+02 4.590049999999999955e+02 2.071649999999999920e+02
5.149020000000000437e+02 2.771390000000000100e+02 4.577309999999999945e+02 2.474960000000000093e+02
5.151169999999999618e+02 2.107700000000000102e+02 4.601440000000000055e+02 2.445660000000000025e+02
5.154410000000000309e+02 2.869630000000000223e+02 4.580149999999999864e+02 2.584420000000000073e+02
5.168160000000000309e+02 2.529799999999999898e+02 4.603369999999999891e+02 2.216140000000000043e+02
5.168160000000000309e+02 2.529799999999999898e+02 4.603369999999999891e+02 2.216140000000000043e+02
5.173319999999999936e+02 1.752429999999999950e+02 4.645000000000000000e+02 1.377680000000000007e+02
5.173949999999999818e+02 2.744080000000000155e+02 4.601440000000000055e+02 2.445660000000000025e+02
5.175940000000000509e+02 3.456770000000000209e+02 4.574239999999999782e+02 3.198949999999999818e+02
5.187409999999999854e+02 1.265450000000000017e+02 4.685590000000000259e+02 8.541549999999999443e+01
5.193310000000000173e+02 1.457100000000000080e+02 4.683829999999999814e+02 1.056839999999999975e+02
5.196509999999999536e+02 3.199130000000000109e+02 4.602869999999999777e+02 2.926820000000000164e+02
5.198360000000000127e+02 1.152879999999999967e+02 4.706200000000000045e+02 7.235739999999999839e+01
5.210779999999999745e+02 1.934219999999999970e+02 4.679420000000000073e+02 1.575970000000000084e+02
5.214539999999999509e+02 3.857780000000000200e+02 4.595000000000000000e+02 3.623629999999999995e+02
5.218799999999999955e+02 3.914839999999999804e+02 4.593029999999999973e+02 3.675020000000000095e+02
5.229149999999999636e+02 1.202169999999999987e+02 7.945879999999999654e+02 5.919529999999999745e+02
5.229149999999999636e+02 1.202169999999999987e+02 7.945879999999999654e+02 5.919529999999999745e+02
5.249030000000000200e+02 1.599890000000000043e+02 4.724100000000000250e+02 1.195979999999999990e+02
5.249740000000000464e+02 1.170100000000000051e+02 4.754139999999999873e+02 7.499379999999999313e+01
5.257039999999999509e+02 3.213249999999999886e+02 4.664929999999999950e+02 2.943399999999999750e+02
5.259700000000000273e+02 5.868769999999999527e+02 2.701150000000000091e+02 5.869329999999999927e+02
5.259869999999999663e+02 1.329840000000000089e+02 4.756850000000000023e+02 9.178650000000000375e+01
5.260570000000000164e+02 1.530699999999999932e+02 4.749959999999999809e+02 1.144669999999999987e+02
5.263880000000000337e+02 1.457659999999999911e+02 4.758009999999999877e+02 1.058769999999999953e+02
5.263880000000000337e+02 1.457659999999999911e+02 4.758009999999999877e+02 1.058769999999999953e+02
5.276059999999999945e+02 2.743940000000000055e+02 4.710720000000000027e+02 2.448269999999999982e+02
5.280430000000000064e+02 1.804540000000000077e+02 4.759549999999999841e+02 1.437100000000000080e+02
5.282699999999999818e+02 1.703400000000000034e+02 4.769340000000000259e+02 1.321970000000000027e+02
5.285910000000000082e+02 3.922760000000000105e+02 4.662370000000000232e+02 3.686519999999999868e+02
5.296119999999999663e+02 2.645570000000000164e+02 4.734350000000000023e+02 2.344370000000000118e+02
5.331649999999999636e+02 3.488149999999999977e+02 4.731709999999999923e+02 3.358349999999999795e+02
5.331820000000000164e+02 2.604429999999999836e+02 4.773589999999999804e+02 2.298899999999999864e+02
5.336730000000000018e+02 3.609730000000000132e+02 4.731709999999999923e+02 3.358349999999999795e+02
5.345099999999999909e+02 5.868379999999999654e+02 2.701150000000000091e+02 5.869329999999999927e+02
5.346290000000000191e+02 3.546240000000000236e+02 4.741200000000000045e+02 3.292549999999999955e+02
5.355480000000000018e+02 3.769010000000000105e+02 4.740729999999999791e+02 3.527250000000000227e+02
5.356660000000000537e+02 1.919559999999999889e+02 4.830910000000000082e+02 1.563410000000000082e+02
5.380389999999999873e+02 1.373139999999999930e+02 4.879879999999999995e+02 9.667340000000000089e+01
5.386539999999999964e+02 1.445370000000000061e+02 4.882919999999999732e+02 1.048880000000000052e+02
5.387989999999999782e+02 1.520840000000000032e+02 4.881109999999999900e+02 1.127429999999999950e+02
5.389930000000000518e+02 1.139620000000000033e+02 6.329759999999999991e+02 1.610000000000000000e+02
5.398790000000000191e+02 1.800099999999999909e+02 4.880520000000000209e+02 1.428160000000000025e+02
5.404239999999999782e+02 1.995190000000000055e+02 4.875280000000000200e+02 1.643319999999999936e+02
5.405240000000000009e+02 1.933269999999999982e+02 4.878330000000000268e+02 1.575670000000000073e+02
5.405990000000000464e+02 1.874979999999999905e+02 4.882889999999999873e+02 1.512030000000000030e+02
5.409130000000000109e+02 1.289170000000000016e+02 4.914100000000000250e+02 8.759359999999999502e+01
5.416870000000000118e+02 2.168890000000000100e+02 4.878709999999999809e+02 1.831059999999999945e+02
5.417770000000000437e+02 1.424449999999999932e+02 4.916059999999999945e+02 1.020190000000000055e+02
5.419769999999999754e+02 1.553240000000000123e+02 4.911899999999999977e+02 1.165960000000000036e+02
5.421119999999999663e+02 2.056599999999999966e+02 4.888389999999999986e+02 1.709660000000000082e+02
5.426340000000000146e+02 1.614130000000000109e+02 4.915550000000000068e+02 1.228679999999999950e+02
5.428999999999999773e+02 2.336150000000000091e+02 4.882850000000000250e+02 2.010389999999999873e+02
5.431180000000000518e+02 1.499759999999999991e+02 4.920179999999999723e+02 1.110049999999999955e+02
5.434809999999999945e+02 2.410550000000000068e+02 4.884689999999999941e+02 2.091730000000000018e+02
5.435470000000000255e+02 1.900889999999999986e+02 4.908999999999999773e+02 1.535060000000000002e+02
5.440199999999999818e+02 2.667760000000000105e+02 4.876469999999999914e+02 2.366990000000000123e+02
5.442730000000000246e+02 1.821250000000000000e+02 4.921709999999999923e+02 1.452640000000000100e+02
5.444479999999999791e+02 2.618690000000000282e+02 4.883700000000000045e+02 2.314780000000000086e+02
5.444819999999999709e+02 2.085560000000000116e+02 4.911440000000000055e+02 1.743069999999999879e+02
5.447910000000000537e+02 2.792909999999999968e+02 4.879279999999999973e+02 2.500180000000000007e+02
5.449529999999999745e+02 2.712339999999999804e+02 4.884619999999999891e+02 2.415300000000000011e+02
5.458060000000000400e+02 2.965830000000000268e+02 4.880539999999999736e+02 2.686200000000000045e+02
5.459450000000000500e+02 3.060919999999999845e+02 4.878140000000000214e+02 2.786700000000000159e+02
5.461810000000000400e+02 2.401080000000000041e+02 4.912239999999999895e+02 2.082740000000000009e+02
5.463129999999999882e+02 2.457280000000000086e+02 4.910289999999999964e+02 2.142779999999999916e+02
5.466259999999999764e+02 1.453369999999999891e+02 4.970070000000000050e+02 1.077030000000000030e+02
5.468229999999999791e+02 2.585330000000000155e+02 4.909340000000000259e+02 2.278590000000000089e+02
5.469850000000000136e+02 3.381949999999999932e+02 4.872239999999999895e+02 3.123519999999999754e+02
5.470309999999999491e+02 3.165020000000000095e+02 4.883690000000000282e+02 2.891539999999999964e+02
5.470890000000000555e+02 3.115930000000000177e+02 4.888190000000000168e+02 2.841030000000000086e+02
5.472559999999999718e+02 2.650880000000000223e+02 4.910240000000000009e+02 2.349569999999999936e+02
5.473970000000000482e+02 3.303360000000000127e+02 4.878849999999999909e+02 3.042320000000000277e+02
5.476040000000000418e+02 3.360360000000000014e+02 4.879830000000000041e+02 3.100409999999999968e+02
5.476900000000000546e+02 3.500539999999999736e+02 4.869590000000000032e+02 3.239279999999999973e+02
5.476929999999999836e+02 2.724409999999999741e+02 4.913910000000000196e+02 2.429070000000000107e+02
5.480009999999999764e+02 3.406429999999999723e+02 4.881870000000000118e+02 3.149279999999999973e+02
5.482100000000000364e+02 2.811469999999999914e+02 4.913340000000000032e+02 2.520310000000000059e+02
5.487609999999999673e+02 3.761960000000000264e+02 4.871220000000000141e+02 3.521979999999999791e+02
5.492039999999999509e+02 3.002459999999999809e+02 4.911859999999999786e+02 2.724049999999999727e+02
5.504260000000000446e+02 3.223460000000000036e+02 4.914639999999999986e+02 2.957740000000000009e+02
5.504800000000000182e+02 3.283650000000000091e+02 4.911019999999999754e+02 3.014680000000000177e+02
5.506639999999999873e+02 3.924590000000000032e+02 4.884440000000000168e+02 3.689590000000000032e+02
5.507279999999999518e+02 3.358389999999999986e+02 4.911259999999999764e+02 3.098770000000000095e+02
5.512079999999999700e+02 3.475539999999999736e+02 4.910799999999999841e+02 3.220550000000000068e+02
5.519120000000000346e+02 3.297280000000000086e+02 4.927529999999999859e+02 3.035040000000000191e+02
5.520119999999999436e+02 3.526299999999999955e+02 4.916440000000000055e+02 3.275360000000000014e+02
5.520679999999999836e+02 3.432909999999999968e+02 4.919940000000000282e+02 3.175389999999999873e+02
5.521549999999999727e+02 5.183540000000000418e+02 4.269320000000000164e+02 5.068509999999999991e+02
5.524600000000000364e+02 1.260889999999999986e+02 5.629349999999999454e+02 1.241500000000000057e+02
5.528400000000000318e+02 3.198159999999999741e+02 4.942130000000000223e+02 2.930129999999999768e+02
5.533220000000000027e+02 1.434050000000000011e+02 5.048090000000000259e+02 1.044140000000000015e+02
5.533300000000000409e+02 1.353720000000000141e+02 5.050840000000000032e+02 9.543439999999999657e+01
5.535760000000000218e+02 4.001050000000000182e+02 4.908980000000000246e+02 3.770690000000000168e+02
5.537019999999999982e+02 3.918929999999999723e+02 4.914259999999999877e+02 3.680120000000000005e+02
5.540670000000000073e+02 1.508449999999999989e+02 5.052160000000000082e+02 1.122429999999999950e+02
5.548930000000000291e+02 3.734510000000000218e+02 4.942090000000000032e+02 3.485009999999999764e+02
5.560570000000000164e+02 5.105199999999999818e+02 4.326480000000000246e+02 4.986580000000000155e+02
5.565359999999999445e+02 1.392750000000000057e+02 5.084239999999999782e+02 1.001580000000000013e+02
5.566480000000000246e+02 5.864850000000000136e+02 4.245539999999999736e+02 5.872799999999999727e+02
5.573559999999999945e+02 1.718400000000000034e+02 4.970070000000000050e+02 1.077030000000000030e+02
5.573840000000000146e+02 3.898419999999999845e+02 4.955899999999999750e+02 3.666170000000000186e+02
5.575460000000000491e+02 2.770629999999999882e+02 5.019929999999999950e+02 2.482800000000000011e+02
5.576359999999999673e+02 2.439840000000000089e+02 4.562289999999999850e+02 1.246650000000000063e+02
5.583890000000000100e+02 2.351970000000000027e+02 5.057719999999999914e+02 2.038990000000000009e+02
5.586380000000000337e+02 2.409540000000000077e+02 5.055079999999999814e+02 2.099360000000000070e+02
5.587930000000000064e+02 1.896680000000000064e+02 5.078319999999999936e+02 1.543779999999999859e+02
5.587999999999999545e+02 2.543959999999999866e+02 5.054739999999999895e+02 2.920199999999999818e+02
5.588229999999999791e+02 5.160170000000000528e+02 4.362110000000000127e+02 5.048790000000000191e+02
5.590059999999999718e+02 2.466910000000000025e+02 5.052379999999999995e+02 2.159559999999999889e+02
5.592140000000000555e+02 1.824319999999999879e+02 5.099580000000000268e+02 1.483470000000000084e+02
5.593559999999999945e+02 2.610830000000000268e+02 5.048770000000000095e+02 2.313369999999999891e+02
5.602999999999999545e+02 3.127950000000000159e+02 4.562289999999999850e+02 1.246650000000000063e+02
5.603859999999999673e+02 2.834780000000000086e+02 5.050350000000000250e+02 2.552669999999999959e+02
5.609859999999999900e+02 2.932269999999999754e+02 5.050339999999999918e+02 2.654739999999999895e+02
5.612340000000000373e+02 5.841950000000000500e+02 3.280330000000000155e+02 5.825520000000000209e+02
5.614909999999999854e+02 1.559629999999999939e+02 5.171559999999999491e+02 1.210690000000000026e+02
5.624109999999999445e+02 4.056779999999999973e+02 5.005590000000000259e+02 3.831299999999999955e+02
5.626330000000000382e+02 2.302110000000000127e+02 5.103269999999999982e+02 1.988199999999999932e+02
5.634249999999999545e+02 4.023770000000000095e+02 5.020830000000000268e+02 3.797679999999999723e+02
5.635829999999999700e+02 2.730240000000000009e+02 5.092160000000000082e+02 2.433340000000000032e+02
5.637319999999999709e+02 5.013229999999999791e+02 4.441689999999999827e+02 4.877839999999999918e+02
5.640610000000000355e+02 2.722429999999999950e+02 5.092160000000000082e+02 2.433340000000000032e+02
5.643089999999999691e+02 4.865919999999999845e+02 4.494719999999999800e+02 4.734940000000000282e+02
5.643920000000000528e+02 2.247290000000000134e+02 5.143479999999999563e+02 1.938820000000000050e+02
5.647970000000000255e+02 5.867759999999999536e+02 2.701150000000000091e+02 5.869329999999999927e+02
5.650180000000000291e+02 5.138529999999999518e+02 4.433170000000000073e+02 5.034230000000000018e+02
5.652899999999999636e+02 1.579130000000000109e+02 5.171559999999999491e+02 1.210690000000000026e+02
5.657920000000000300e+02 5.081510000000000105e+02 4.459780000000000086e+02 4.958399999999999750e+02
5.671770000000000209e+02 1.414360000000000070e+02 5.203819999999999482e+02 1.035340000000000060e+02
5.678339999999999463e+02 1.624420000000000073e+02 5.201889999999999645e+02 1.264710000000000036e+02
5.687789999999999964e+02 1.874790000000000134e+02 5.199289999999999736e+02 1.820329999999999870e+02
5.689130000000000109e+02 1.944910000000000139e+02 5.201140000000000327e+02 1.609629999999999939e+02
5.701499999999999773e+02 2.219910000000000139e+02 5.195439999999999827e+02 1.905780000000000030e+02
5.711209999999999809e+02 2.152889999999999873e+02 5.204790000000000418e+02 1.544530000000000030e+02
5.714629999999999654e+02 1.577059999999999889e+02 5.240109999999999673e+02 1.213539999999999992e+02
5.722309999999999945e+02 1.611450000000000102e+02 5.253339999999999463e+02 1.258250000000000028e+02
5.723980000000000246e+02 4.084959999999999809e+02 5.109309999999999832e+02 3.860029999999999859e+02
5.724869999999999663e+02 1.614379999999999882e+02 5.250979999999999563e+02 1.254549999999999983e+02
5.735750000000000455e+02 1.657450000000000045e+02 5.260839999999999463e+02 1.303379999999999939e+02
5.750529999999999973e+02 1.903600000000000136e+02 5.263590000000000373e+02 1.569379999999999882e+02
5.754959999999999809e+02 2.292640000000000100e+02 5.244890000000000327e+02 1.979470000000000027e+02
5.769139999999999873e+02 2.170459999999999923e+02 5.268590000000000373e+02 1.856239999999999952e+02
5.776390000000000100e+02 1.469689999999999941e+02 5.315650000000000546e+02 1.101539999999999964e+02
5.777010000000000218e+02 2.264950000000000045e+02 5.271009999999999991e+02 1.954490000000000123e+02
5.781589999999999918e+02 5.898740000000000236e+02 5.782000000000000455e+02 5.898690000000000282e+02
5.781770000000000209e+02 1.942740000000000009e+02 5.294619999999999891e+02 1.610589999999999975e+02
5.784489999999999554e+02 4.429900000000000091e+02 5.157649999999999864e+02 4.219750000000000227e+02
5.786910000000000309e+02 1.975720000000000027e+02 5.299859999999999900e+02 1.646790000000000020e+02
5.799189999999999827e+02 4.390740000000000123e+02 5.175220000000000482e+02 4.183670000000000186e+02
5.799539999999999509e+02 2.566270000000000095e+02 5.279560000000000173e+02 2.282079999999999984e+02
5.800339999999999918e+02 1.776810000000000116e+02 5.326190000000000282e+02 1.434470000000000027e+02
5.801140000000000327e+02 2.200610000000000070e+02 5.301879999999999882e+02 1.890529999999999973e+02
5.814969999999999573e+02 2.787780000000000200e+02 5.283930000000000291e+02 2.511500000000000057e+02
5.824900000000000091e+02 2.123679999999999950e+02 5.328550000000000182e+02 1.805999999999999943e+02
5.837999999999999545e+02 2.665009999999999764e+02 5.329420000000000073e+02 3.044470000000000027e+02
5.838260000000000218e+02 3.141840000000000259e+02 5.290919999999999845e+02 2.884230000000000018e+02
5.842340000000000373e+02 3.208450000000000273e+02 5.292369999999999663e+02 2.956700000000000159e+02
5.844539999999999509e+02 4.920640000000000214e+02 4.772919999999999732e+02 4.769409999999999741e+02
5.846019999999999754e+02 4.157189999999999941e+02 5.248469999999999800e+02 3.941800000000000068e+02
5.861589999999999918e+02 5.075149999999999864e+02 6.304579999999999700e+02 2.613079999999999927e+02
5.866100000000000136e+02 2.475399999999999920e+02 5.344930000000000518e+02 2.720559999999999832e+02
5.871459999999999582e+02 3.176250000000000000e+02 5.324460000000000264e+02 2.920400000000000205e+02
5.878659999999999854e+02 4.856999999999999886e+02 4.808550000000000182e+02 4.698029999999999973e+02
5.879660000000000082e+02 4.061549999999999727e+02 5.283830000000000382e+02 3.843740000000000236e+02
5.879660000000000082e+02 4.061549999999999727e+02 5.283830000000000382e+02 3.843740000000000236e+02
5.916770000000000209e+02 2.794030000000000200e+02 5.394410000000000309e+02 2.521709999999999923e+02
5.916770000000000209e+02 2.794030000000000200e+02 5.394410000000000309e+02 2.521709999999999923e+02
5.926119999999999663e+02 4.826030000000000086e+02 4.864139999999999873e+02 4.663299999999999841e+02
5.959070000000000391e+02 4.842749999999999773e+02 4.902339999999999804e+02 4.679259999999999877e+02
5.962680000000000291e+02 4.886039999999999850e+02 4.907130000000000223e+02 4.727989999999999782e+02
5.978220000000000027e+02 5.068430000000000177e+02 1.715939999999999941e+02 2.077959999999999923e+02
5.978310000000000173e+02 3.737749999999999773e+02 5.409279999999999973e+02 3.510450000000000159e+02
5.998719999999999573e+02 2.748179999999999836e+02 5.487999999999999545e+02 2.480070000000000050e+02
6.025299999999999727e+02 4.846850000000000023e+02 4.980579999999999927e+02 4.686320000000000050e+02
6.032730000000000246e+02 3.943120000000000118e+02 5.460320000000000391e+02 3.725670000000000073e+02
6.039940000000000282e+02 4.816519999999999868e+02 4.994270000000000209e+02 4.651309999999999718e+02
6.039940000000000282e+02 4.816519999999999868e+02 4.994270000000000209e+02 4.651309999999999718e+02
6.060789999999999509e+02 1.729420000000000073e+02 5.617309999999999945e+02 1.405459999999999923e+02
6.065090000000000146e+02 1.581349999999999909e+02 5.629349999999999454e+02 1.241500000000000057e+02
6.069650000000000318e+02 4.178860000000000241e+02 5.487419999999999618e+02 3.970230000000000246e+02
6.070829999999999700e+02 3.365860000000000127e+02 5.530769999999999982e+02 3.128299999999999841e+02
6.073579999999999472e+02 4.208860000000000241e+02 5.492490000000000236e+02 4.001109999999999900e+02
6.096799999999999500e+02 4.985659999999999741e+02 5.036779999999999973e+02 4.841440000000000055e+02
6.102619999999999436e+02 1.699509999999999934e+02 5.661979999999999791e+02 1.373000000000000114e+02
6.107630000000000337e+02 2.304989999999999952e+02 5.633830000000000382e+02 2.019799999999999898e+02
6.108980000000000246e+02 2.010459999999999923e+02 5.651219999999999573e+02 1.704819999999999993e+02
6.112619999999999436e+02 1.947959999999999923e+02 5.660560000000000400e+02 1.644410000000000025e+02
6.127839999999999918e+02 1.866819999999999879e+02 5.681399999999999864e+02 1.555449999999999875e+02
6.129059999999999491e+02 4.959189999999999827e+02 5.075149999999999864e+02 4.818870000000000005e+02
6.143540000000000418e+02 1.615409999999999968e+02 5.713229999999999791e+02 1.288700000000000045e+02
6.143849999999999909e+02 4.759700000000000273e+02 5.131280000000000427e+02 4.588779999999999859e+02
6.148010000000000446e+02 4.796480000000000246e+02 5.118240000000000123e+02 4.632300000000000182e+02
6.148569999999999709e+02 2.133379999999999939e+02 5.685919999999999845e+02 1.836610000000000014e+02
6.152390000000000327e+02 4.220219999999999914e+02 5.572150000000000318e+02 4.012090000000000032e+02
6.159020000000000437e+02 4.173559999999999945e+02 5.583120000000000118e+02 3.966419999999999959e+02
6.203269999999999982e+02 2.302189999999999941e+02 5.733709999999999809e+02 2.004180000000000064e+02
6.203390000000000555e+02 3.295520000000000209e+02 5.681109999999999900e+02 3.059769999999999754e+02
6.210099999999999909e+02 3.565350000000000250e+02 5.671559999999999491e+02 3.339340000000000259e+02
6.220539999999999736e+02 3.503439999999999941e+02 5.688709999999999809e+02 3.276770000000000209e+02
6.222010000000000218e+02 2.406370000000000005e+02 5.753630000000000564e+02 2.133400000000000034e+02
6.224650000000000318e+02 1.727800000000000011e+02 5.790839999999999463e+02 1.408590000000000089e+02
6.232019999999999982e+02 1.886260000000000048e+02 6.019489999999999554e+02 1.714759999999999991e+02
6.241390000000000100e+02 2.238750000000000000e+02 5.781779999999999973e+02 1.954439999999999884e+02
6.244460000000000264e+02 2.292439999999999998e+02 5.784829999999999472e+02 2.013129999999999882e+02
6.248930000000000291e+02 1.837199999999999989e+02 5.811929999999999836e+02 1.531229999999999905e+02
6.251330000000000382e+02 3.291190000000000282e+02 5.729569999999999936e+02 3.051999999999999886e+02
6.264230000000000018e+02 1.966150000000000091e+02 5.822749999999999773e+02 1.671119999999999948e+02
6.264230000000000018e+02 1.966150000000000091e+02 5.822749999999999773e+02 1.671119999999999948e+02
6.270270000000000437e+02 2.926759999999999877e+02 5.776309999999999718e+02 2.681220000000000141e+02
6.271820000000000164e+02 2.058480000000000132e+02 5.827409999999999854e+02 1.768899999999999864e+02
6.279529999999999745e+02 2.129569999999999936e+02 5.830570000000000164e+02 1.842880000000000109e+02
6.280979999999999563e+02 3.575439999999999827e+02 5.751169999999999618e+02 3.356299999999999955e+02
6.286680000000000064e+02 3.361109999999999900e+02 5.768220000000000027e+02 3.135419999999999732e+02
6.292409999999999854e+02 2.250970000000000084e+02 5.834550000000000409e+02 1.956579999999999870e+02
6.300199999999999818e+02 5.004639999999999986e+02 5.279089999999999918e+02 4.864490000000000123e+02
6.310109999999999673e+02 2.371069999999999993e+02 5.846970000000000027e+02 2.101220000000000141e+02
6.310109999999999673e+02 2.371069999999999993e+02 5.846970000000000027e+02 2.101220000000000141e+02
6.329279999999999973e+02 5.006920000000000073e+02 5.322240000000000464e+02 4.866290000000000191e+02
6.329439999999999600e+02 4.998269999999999982e+02 5.320620000000000118e+02 4.860389999999999873e+02
6.335700000000000500e+02 2.689230000000000018e+02 6.091960000000000264e+02 2.527680000000000007e+02
6.338460000000000036e+02 4.919979999999999905e+02 5.335589999999999691e+02 4.768750000000000000e+02
6.341649999999999636e+02 2.410300000000000011e+02 6.104569999999999936e+02 2.242719999999999914e+02
6.353029999999999973e+02 3.414529999999999745e+02 5.834279999999999973e+02 3.189049999999999727e+02
6.353799999999999955e+02 2.809719999999999800e+02 5.873289999999999509e+02 2.563829999999999814e+02
6.353799999999999955e+02 2.809719999999999800e+02 5.873289999999999509e+02 2.563829999999999814e+02
6.355689999999999600e+02 2.456370000000000005e+02 5.894539999999999509e+02 2.193429999999999893e+02
6.373719999999999573e+02 1.735490000000000066e+02 5.955449999999999591e+02 1.432849999999999966e+02
6.378300000000000409e+02 2.034540000000000077e+02 5.942340000000000373e+02 1.752589999999999861e+02
6.380850000000000364e+02 3.441220000000000141e+02 5.865639999999999645e+02 3.219669999999999845e+02
6.389460000000000264e+02 4.177509999999999764e+02 5.823400000000000318e+02 3.971630000000000109e+02
6.400059999999999718e+02 2.244509999999999934e+02 5.949690000000000509e+02 1.967880000000000109e+02
6.400900000000000318e+02 3.400280000000000200e+02 5.887770000000000437e+02 3.176960000000000264e+02
6.406689999999999827e+02 2.477359999999999900e+02 6.166280000000000427e+02 2.313689999999999998e+02
6.411069999999999709e+02 3.079560000000000173e+02 6.312799999999999727e+02 3.121820000000000164e+02
6.411470000000000482e+02 2.103799999999999955e+02 5.957440000000000282e+02 1.847150000000000034e+02
6.418129999999999882e+02 2.289540000000000077e+02 5.971309999999999718e+02 2.015699999999999932e+02
6.421309999999999718e+02 3.905609999999999786e+02 5.735769999999999982e+02 3.019289999999999736e+02
6.423690000000000282e+02 3.311250000000000000e+02 5.919039999999999964e+02 3.086899999999999977e+02
6.444829999999999472e+02 2.858779999999999859e+02 5.964719999999999800e+02 2.613980000000000246e+02
6.445190000000000055e+02 1.844350000000000023e+02 6.026290000000000191e+02 1.552860000000000014e+02
6.451140000000000327e+02 2.433439999999999941e+02 5.997440000000000282e+02 2.175279999999999916e+02
6.456280000000000427e+02 2.269530000000000030e+02 6.012000000000000455e+02 2.000279999999999916e+02
6.479669999999999845e+02 4.723179999999999836e+02 5.531639999999999873e+02 4.551669999999999732e+02
6.486040000000000418e+02 3.082300000000000182e+02 5.997569999999999482e+02 2.851279999999999859e+02
6.490430000000000064e+02 2.166759999999999877e+02 5.827409999999999854e+02 1.768899999999999864e+02
6.490729999999999791e+02 2.871449999999999818e+02 6.016409999999999627e+02 2.630570000000000164e+02
6.500399999999999636e+02 3.344180000000000064e+02 5.997000000000000455e+02 3.121360000000000241e+02
6.507229999999999563e+02 3.290199999999999818e+02 6.008170000000000073e+02 3.065649999999999977e+02
6.508490000000000464e+02 3.002740000000000009e+02 6.246839999999999691e+02 2.843039999999999736e+02
6.514859999999999900e+02 2.346250000000000000e+02 6.070399999999999636e+02 2.083319999999999936e+02
6.517450000000000045e+02 2.847069999999999936e+02 6.044740000000000464e+02 2.606030000000000086e+02
6.549819999999999709e+02 2.413950000000000102e+02 6.104329999999999927e+02 2.157230000000000132e+02
6.553339999999999463e+02 2.492549999999999955e+02 6.104569999999999936e+02 2.242719999999999914e+02
6.554729999999999563e+02 2.808720000000000141e+02 6.302380000000000564e+02 2.655360000000000014e+02
6.561459999999999582e+02 1.802889999999999873e+02 5.933250000000000455e+02 1.372340000000000089e+02
6.578429999999999609e+02 2.872989999999999782e+02 6.107300000000000182e+02 2.637860000000000014e+02
6.578429999999999609e+02 2.872989999999999782e+02 6.107300000000000182e+02 2.637860000000000014e+02
6.585030000000000427e+02 3.493279999999999745e+02 6.080140000000000100e+02 3.278960000000000150e+02
6.592250000000000227e+02 3.133319999999999936e+02 6.107440000000000282e+02 2.906259999999999764e+02
6.599429999999999836e+02 3.357869999999999777e+02 6.101409999999999627e+02 3.139789999999999850e+02
6.606799999999999500e+02 1.956850000000000023e+02 6.196230000000000473e+02 1.686030000000000086e+02
6.613479999999999563e+02 1.968640000000000043e+02 6.198859999999999673e+02 1.695560000000000116e+02
6.618529999999999518e+02 2.559919999999999902e+02 6.166280000000000427e+02 2.313689999999999998e+02
6.625639999999999645e+02 3.030480000000000018e+02 6.150109999999999673e+02 2.802119999999999891e+02
6.627219999999999800e+02 3.146610000000000014e+02 6.145499999999999545e+02 2.922450000000000045e+02
6.630750000000000455e+02 3.434189999999999827e+02 6.130480000000000018e+02 3.221000000000000227e+02
6.633709999999999809e+02 3.260690000000000168e+02 6.144310000000000400e+02 3.041549999999999727e+02
6.641509999999999536e+02 3.533149999999999977e+02 6.136009999999999991e+02 3.325799999999999841e+02
6.643769999999999527e+02 3.324420000000000073e+02 6.150349999999999682e+02 3.105339999999999918e+02
6.654619999999999891e+02 2.107160000000000082e+02 6.019489999999999554e+02 1.714759999999999991e+02
6.660529999999999973e+02 3.451530000000000200e+02 6.160869999999999891e+02 3.239689999999999941e+02
6.665159999999999627e+02 2.043830000000000098e+02 6.250230000000000246e+02 1.773950000000000102e+02
6.675190000000000055e+02 2.474259999999999877e+02 6.237889999999999873e+02 2.245970000000000084e+02
6.679009999999999536e+02 2.254600000000000080e+02 5.964239999999999782e+02 2.409859999999999900e+02
6.686799999999999500e+02 2.999479999999999791e+02 6.215259999999999536e+02 2.773840000000000146e+02
6.686799999999999500e+02 2.999479999999999791e+02 6.215259999999999536e+02 2.773840000000000146e+02
6.702799999999999727e+02 2.405240000000000009e+02 6.268250000000000455e+02 2.158290000000000077e+02
6.710149999999999864e+02 2.023089999999999975e+02 6.296169999999999618e+02 1.759110000000000014e+02
6.710149999999999864e+02 2.023089999999999975e+02 3.248500000000000227e+02 1.404360000000000070e+02
6.715430000000000064e+02 4.924289999999999736e+02 5.829230000000000018e+02 4.766080000000000041e+02
6.720869999999999891e+02 1.884170000000000016e+02 6.329759999999999991e+02 1.610000000000000000e+02
6.720960000000000036e+02 5.899550000000000409e+02 6.721230000000000473e+02 5.899750000000000227e+02
6.721109999999999900e+02 3.065079999999999814e+02 6.246839999999999691e+02 2.843039999999999736e+02
6.724880000000000564e+02 2.558489999999999895e+02 6.281689999999999827e+02 2.311750000000000114e+02
6.727530000000000427e+02 1.881169999999999902e+02 6.329759999999999991e+02 1.610000000000000000e+02
6.739160000000000537e+02 2.643059999999999832e+02 6.290529999999999973e+02 2.408460000000000036e+02
6.739160000000000537e+02 2.643059999999999832e+02 6.290529999999999973e+02 2.408460000000000036e+02
6.747780000000000200e+02 3.456970000000000027e+02 6.252160000000000082e+02 3.243059999999999832e+02
6.747780000000000200e+02 3.456970000000000027e+02 6.252160000000000082e+02 3.243059999999999832e+02
6.754710000000000036e+02 4.411859999999999786e+02 6.100430000000000064e+02 4.214420000000000073e+02
6.782010000000000218e+02 3.164560000000000173e+02 6.302720000000000482e+02 2.947919999999999732e+02
6.788490000000000464e+02 3.204279999999999973e+02 2.013220000000000027e+02 3.170640000000000214e+02
6.788869999999999436e+02 3.416519999999999868e+02 5.832880000000000109e+02 3.076220000000000141e+02
6.796789999999999736e+02 3.137359999999999900e+02 6.321670000000000300e+02 2.918550000000000182e+02
6.801799999999999500e+02 3.334490000000000123e+02 6.312799999999999727e+02 3.121820000000000164e+02
6.802400000000000091e+02 3.042359999999999900e+02 6.333170000000000073e+02 2.824139999999999873e+02
6.807980000000000018e+02 3.286279999999999859e+02 6.327740000000000009e+02 3.072210000000000036e+02
6.813559999999999945e+02 4.943530000000000086e+02 5.916290000000000191e+02 4.787730000000000246e+02
6.822060000000000173e+02 3.482559999999999718e+02 6.325320000000000391e+02 3.276890000000000214e+02
6.830410000000000537e+02 3.229049999999999727e+02 6.409130000000000109e+02 3.115470000000000255e+02
6.848590000000000373e+02 4.866030000000000086e+02 5.969160000000000537e+02 4.708469999999999800e+02
6.892089999999999463e+02 3.315219999999999914e+02 6.409130000000000109e+02 3.115470000000000255e+02
6.931190000000000282e+02 4.079590000000000032e+02 6.339420000000000073e+02 3.880629999999999882e+02
7.029500000000000455e+02 4.597099999999999795e+02 6.374180000000000064e+02 4.409340000000000259e+02
7.030159999999999627e+02 4.629549999999999841e+02 6.376100000000000136e+02 4.444429999999999836e+02
7.066340000000000146e+02 4.599189999999999827e+02 6.413990000000000009e+02 4.412269999999999754e+02
7.071710000000000491e+02 4.636940000000000168e+02 6.415879999999999654e+02 4.451429999999999723e+02
7.087949999999999591e+02 3.436290000000000191e+02 6.699039999999999964e+02 3.276120000000000232e+02
7.100489999999999782e+02 4.778829999999999814e+02 6.324120000000000346e+02 4.592040000000000077e+02
7.174020000000000437e+02 4.792599999999999909e+02 6.519199999999999591e+02 4.608949999999999818e+02
7.204299999999999500e+02 4.600849999999999795e+02 6.560399999999999636e+02 4.415260000000000105e+02
7.211839999999999691e+02 4.704940000000000282e+02 6.562500000000000000e+02 4.520269999999999868e+02
7.235410000000000537e+02 3.443500000000000227e+02 6.841420000000000528e+02 3.284839999999999804e+02
7.255000000000000000e+02 3.536379999999999768e+02 6.852440000000000282e+02 3.374159999999999968e+02
7.307740000000000009e+02 3.512420000000000186e+02 6.903869999999999436e+02 3.355919999999999845e+02
7.308740000000000236e+02 4.501709999999999923e+02 6.812229999999999563e+02 4.314320000000000164e+02
7.330380000000000109e+02 4.671720000000000255e+02 6.687980000000000018e+02 4.487860000000000014e+02
7.344679999999999609e+02 3.568279999999999745e+02 6.936849999999999454e+02 3.406150000000000091e+02
7.347240000000000464e+02 3.524950000000000045e+02 6.942029999999999745e+02 3.365450000000000159e+02
7.365460000000000491e+02 4.646519999999999868e+02 6.726390000000000100e+02 4.463299999999999841e+02
7.365769999999999982e+02 3.624900000000000091e+02 6.952849999999999682e+02 3.461519999999999868e+02
7.383150000000000546e+02 3.579739999999999895e+02 6.973529999999999518e+02 3.418659999999999854e+02
7.389059999999999491e+02 3.646999999999999886e+02 6.974550000000000409e+02 3.485179999999999723e+02
7.437450000000000045e+02 4.699850000000000136e+02 6.799289999999999736e+02 4.516539999999999964e+02
7.444660000000000082e+02 4.776979999999999791e+02 6.798890000000000100e+02 4.593580000000000041e+02
7.470180000000000291e+02 4.366499999999999773e+02 6.847980000000000018e+02 4.176689999999999827e+02
7.532500000000000000e+02 3.753530000000000086e+02 7.100170000000000528e+02 3.606120000000000232e+02
7.552029999999999745e+02 4.768229999999999791e+02 6.912060000000000173e+02 4.585670000000000073e+02
7.565449999999999591e+02 4.691759999999999877e+02 6.930190000000000055e+02 4.509069999999999823e+02
7.568990000000000009e+02 4.606720000000000255e+02 6.938260000000000218e+02 4.422200000000000273e+02
7.572440000000000282e+02 4.418929999999999723e+02 7.107250000000000227e+02 4.236929999999999836e+02
7.574569999999999936e+02 3.857780000000000200e+02 4.754139999999999873e+02 7.499379999999999313e+01
7.574569999999999936e+02 3.857780000000000200e+02 4.754139999999999873e+02 7.499379999999999313e+01
7.637799999999999727e+02 4.779610000000000127e+02 7.082500000000000000e+02 4.593629999999999995e+02
7.639009999999999536e+02 4.902180000000000177e+02 6.933429999999999609e+02 4.727730000000000246e+02
7.639009999999999536e+02 4.902180000000000177e+02 6.933429999999999609e+02 4.727730000000000246e+02
7.646209999999999809e+02 4.739700000000000273e+02 7.009859999999999900e+02 4.556960000000000264e+02
7.721280000000000427e+02 4.776229999999999905e+02 7.082500000000000000e+02 4.593629999999999995e+02
7.725289999999999964e+02 4.431580000000000155e+02 7.245910000000000082e+02 4.247930000000000064e+02
7.734859999999999900e+02 4.925760000000000218e+02 6.974389999999999645e+02 4.748650000000000091e+02
7.764500000000000455e+02 4.923430000000000177e+02 7.055860000000000127e+02 4.750059999999999718e+02
7.780710000000000264e+02 5.949809999999999945e+02 7.782459999999999809e+02 5.949160000000000537e+02
7.782200000000000273e+02 4.643949999999999818e+02 7.155170000000000528e+02 4.459569999999999936e+02
7.812350000000000136e+02 4.924719999999999800e+02 7.055860000000000127e+02 4.750059999999999718e+02
7.870589999999999691e+02 4.669970000000000141e+02 1.881959999999999980e+02 3.776859999999999786e+02
7.875159999999999627e+02 4.833249999999999886e+02 7.867369999999999663e+02 4.624979999999999905e+02
7.898719999999999573e+02 5.407140000000000555e+02 7.892490000000000236e+02 5.500639999999999645e+02
7.918479999999999563e+02 3.052520000000000095e+02 7.918479999999999563e+02 3.052520000000000095e+02
7.928529999999999518e+02 2.542620000000000005e+02 7.918479999999999563e+02 3.052520000000000095e+02
7.938460000000000036e+02 2.182460000000000093e+02 7.918479999999999563e+02 3.052520000000000095e+02
7.939690000000000509e+02 5.280839999999999463e+02 7.949819999999999709e+02 5.439840000000000373e+02
7.946820000000000164e+02 5.919610000000000127e+02 7.945879999999999654e+02 5.919529999999999745e+02
7.946820000000000164e+02 5.919610000000000127e+02 7.945879999999999654e+02 5.919529999999999745e+02
