7.155280000000000307e+00 1.979209999999999923e+02 2.596850000000000023e+02 1.037189999999999941e+02
1.271860000000000035e+01 3.925110000000000241e+02 7.491319999999999482e+02 4.941139999999999759e+02
2.617399999999999949e+01 3.038600000000000136e+02 2.178369999999999891e+02 4.637699999999999818e+02
2.738860000000000028e+01 2.976610000000000014e+02 2.104850000000000136e+02 4.631680000000000064e+02
3.491960000000000264e+01 2.469979999999999905e+02 6.893210000000000264e+02 4.274639999999999986e+02
3.967340000000000089e+01 5.006580000000000155e+02 1.825730000000000075e+02 4.445450000000000159e+02
5.960580000000000211e+01 1.609360000000000070e+02 1.029860000000000042e+01 1.502620000000000005e+02
7.127179999999999893e+01 4.219820000000000277e+02 7.003940000000000055e+02 3.565609999999999786e+02
7.135670000000000357e+01 5.939059999999999491e+02 5.782000000000000455e+02 5.898690000000000282e+02
8.535030000000000427e+01 1.927189999999999941e+02 4.413340000000000174e+01 1.853700000000000045e+02
8.697639999999999816e+01 1.877940000000000111e+02 4.361639999999999873e+01 1.800639999999999930e+02
8.828499999999999659e+01 5.928390000000000555e+02 5.782000000000000455e+02 5.898690000000000282e+02
9.573069999999999879e+01 4.878759999999999764e+02 7.146269999999999527e+02 4.595389999999999873e+02
1.042660000000000053e+02 3.937080000000000268e+02 7.156879999999999882e+02 5.289149999999999636e+02
1.054779999999999944e+02 4.860980000000000132e+02 6.507160000000000082e+02 4.614490000000000123e+02
1.260229999999999961e+02 2.701709999999999923e+02 6.850289999999999964e+02 3.313430000000000177e+02
1.340229999999999961e+02 3.349250000000000114e+02 5.283830000000000382e+02 3.843740000000000236e+02
1.375819999999999936e+02 3.321920000000000073e+02 2.882959999999999923e+02 4.831340000000000146e+02
1.473710000000000093e+02 4.231589999999999918e+02 5.978310000000000173e+02 3.719409999999999741e+02
1.595109999999999957e+02 5.198769999999999527e+02 2.203600000000000136e+02 5.159170000000000300e+02
1.771330000000000098e+02 5.180539999999999736e+02 2.203600000000000136e+02 5.159170000000000300e+02
1.852150000000000034e+02 2.615110000000000241e+02 3.707339999999999804e+02 8.398290000000000077e+01
1.932500000000000000e+02 3.978969999999999914e+02 2.097829999999999870e+02 1.726299999999999955e+02
2.313240000000000123e+02 5.135879999999999654e+02 6.267340000000000373e+02 2.762640000000000100e+02
2.579019999999999868e+02 4.342080000000000268e+02 2.149780000000000086e+02 1.910840000000000032e+02
2.644759999999999991e+02 3.454789999999999850e+02 2.014579999999999984e+02 3.123389999999999986e+02
2.745640000000000214e+02 4.335339999999999918e+02 4.932269999999999754e+02 2.125109999999999957e+02
2.755160000000000196e+02 3.216499999999999773e+02 7.368509999999999671e+00 2.238660000000000139e+02
3.013369999999999891e+02 5.330009999999999764e+02 4.248890000000000100e+02 5.881760000000000446e+02
3.061530000000000200e+02 5.842359999999999900e+02 4.777110000000000127e+02 5.846409999999999627e+02
3.274250000000000114e+02 5.035360000000000014e+02 6.267340000000000373e+02 2.762640000000000100e+02
3.358980000000000246e+02 2.118990000000000009e+02 3.041789999999999736e+02 1.583269999999999982e+02
3.380640000000000214e+02 1.526250000000000000e+02 2.808740000000000236e+02 1.007199999999999989e+02
3.426100000000000136e+02 4.296200000000000045e+02 1.820480000000000018e+02 2.631139999999999759e+02
3.591659999999999968e+02 1.429490000000000123e+02 1.643470000000000084e+02 1.493139999999999930e+02
3.658809999999999718e+02 2.783899999999999864e+02 2.122909999999999968e+02 2.474939999999999998e+02
3.662520000000000095e+02 2.070730000000000075e+02 4.942130000000000223e+02 2.930129999999999768e+02
3.763980000000000246e+02 3.115129999999999768e+02 2.261899999999999977e+02 2.893050000000000068e+02
3.817389999999999759e+02 2.181970000000000027e+02 2.413580000000000041e+02 1.752729999999999961e+02
3.845459999999999923e+02 1.878710000000000093e+02 2.485569999999999879e+02 1.393919999999999959e+02
3.845459999999999923e+02 1.878710000000000093e+02 2.485569999999999879e+02 1.393919999999999959e+02
3.891539999999999964e+02 2.882149999999999750e+02 2.482290000000000134e+02 2.607830000000000155e+02
3.928919999999999959e+02 4.385299999999999727e+02 7.019389999999999645e+02 4.278980000000000246e+02
3.979580000000000268e+02 4.357359999999999900e+02 1.818220000000000027e+02 4.477250000000000227e+02
4.012620000000000005e+02 3.123809999999999718e+02 2.712359999999999900e+02 2.351450000000000102e+02
4.053159999999999741e+02 2.615609999999999786e+02 5.054739999999999895e+02 2.920199999999999818e+02
4.084639999999999986e+02 1.664039999999999964e+02 3.092500000000000000e+02 1.259140000000000015e+02
4.089619999999999891e+02 2.323669999999999902e+02 5.094780000000000086e+02 2.532330000000000041e+02
4.101190000000000282e+02 2.002839999999999918e+02 7.945879999999999654e+02 5.919529999999999745e+02
4.131070000000000277e+02 4.195400000000000205e+02 4.879879999999999995e+02 9.667340000000000089e+01
4.186159999999999854e+02 4.374320000000000164e+02 4.644119999999999777e+02 3.483220000000000027e+02
4.197060000000000173e+02 4.925009999999999764e+02 4.919030000000000200e+02 1.612319999999999993e+02
4.225699999999999932e+02 2.647019999999999982e+02 5.092160000000000082e+02 2.433340000000000032e+02
4.256850000000000023e+02 4.484920000000000186e+02 6.923529999999999518e+02 4.335289999999999964e+02
4.259870000000000232e+02 2.309770000000000039e+02 5.054739999999999895e+02 2.920199999999999818e+02
4.439959999999999809e+02 4.421190000000000282e+02 2.024250000000000114e+02 4.555040000000000191e+02
4.492989999999999782e+02 5.871420000000000528e+02 4.245539999999999736e+02 5.872799999999999727e+02
4.519060000000000059e+02 4.324309999999999832e+02 2.907610000000000241e+02 4.438580000000000041e+02
4.582099999999999795e+02 2.153930000000000007e+02 3.840190000000000055e+02 2.885219999999999914e+02
4.718419999999999845e+02 5.858339999999999463e+02 4.731329999999999814e+02 5.877609999999999673e+02
4.783690000000000282e+02 5.909640000000000555e+02 7.129210000000000491e+01 5.938189999999999600e+02
4.793190000000000168e+02 5.920190000000000055e+02 5.782000000000000455e+02 5.898690000000000282e+02
4.829750000000000227e+02 2.324259999999999877e+02 4.471200000000000045e+02 2.553549999999999898e+02
4.833790000000000191e+02 2.640240000000000009e+02 4.058570000000000277e+02 2.073439999999999941e+02
4.991410000000000196e+02 5.547960000000000491e+02 4.812740000000000009e+02 5.547590000000000146e+02
5.042760000000000105e+02 1.270499999999999972e+02 4.095110000000000241e+02 7.140309999999999491e+01
5.063709999999999809e+02 4.395210000000000150e+02 4.644119999999999777e+02 3.483220000000000027e+02
5.124779999999999518e+02 1.660949999999999989e+02 4.172549999999999955e+02 1.154000000000000057e+02
5.129600000000000364e+02 1.216929999999999978e+02 4.192830000000000155e+02 6.752549999999999386e+01
5.129869999999999663e+02 1.333400000000000034e+02 4.190910000000000082e+02 7.758480000000000132e+01
5.185439999999999827e+02 1.097099999999999937e+02 4.249049999999999727e+02 4.457710000000000150e+01
5.188269999999999982e+02 1.106760000000000019e+02 4.249049999999999727e+02 4.457710000000000150e+01
5.194220000000000255e+02 2.003810000000000002e+02 4.229159999999999968e+02 2.287059999999999889e+02
5.200000000000000000e+02 2.404639999999999986e+02 4.229159999999999968e+02 2.287059999999999889e+02
5.205650000000000546e+02 2.603419999999999845e+02 4.229159999999999968e+02 2.287059999999999889e+02
5.250320000000000391e+02 2.096769999999999925e+02 4.472010000000000218e+02 2.424269999999999925e+02
5.259270000000000209e+02 2.426210000000000093e+02 4.465230000000000246e+02 2.870939999999999941e+02
5.266860000000000355e+02 2.769660000000000082e+02 4.471200000000000045e+02 2.553549999999999898e+02
5.269020000000000437e+02 3.034739999999999895e+02 4.465230000000000246e+02 2.870939999999999941e+02
5.272910000000000537e+02 3.087520000000000095e+02 4.465090000000000146e+02 2.916659999999999968e+02
5.276119999999999663e+02 3.174549999999999841e+02 1.216479999999999961e+02 4.438220000000000027e+02
5.289909999999999854e+02 2.406220000000000141e+02 7.130289999999999395e+01 5.385359999999999445e+02
5.294629999999999654e+02 5.236059999999999945e+02 1.238649999999999949e+02 4.576120000000000232e+02
5.324510000000000218e+02 2.643919999999999959e+02 5.088319999999999936e+02 2.895799999999999841e+02
5.349790000000000418e+02 1.181610000000000014e+02 4.521379999999999768e+02 6.050430000000000064e+01
5.366490000000000009e+02 1.703290000000000077e+02 4.590049999999999955e+02 2.071649999999999920e+02
5.391430000000000291e+02 1.785320000000000107e+02 4.590989999999999895e+02 1.341810000000000116e+02
5.410080000000000382e+02 2.485629999999999882e+02 4.578999999999999773e+02 2.181610000000000014e+02
5.414420000000000073e+02 1.231140000000000043e+02 4.633349999999999795e+02 6.739690000000000225e+01
5.434279999999999973e+02 2.519749999999999943e+02 4.603369999999999891e+02 2.216140000000000043e+02
5.434279999999999973e+02 2.519749999999999943e+02 4.603369999999999891e+02 2.216140000000000043e+02
5.437970000000000255e+02 2.708450000000000273e+02 4.601440000000000055e+02 2.445660000000000025e+02
5.451180000000000518e+02 2.803720000000000141e+02 4.621770000000000209e+02 1.332889999999999873e+02
5.458600000000000136e+02 1.549780000000000086e+02 4.679420000000000073e+02 1.575970000000000084e+02
5.463550000000000182e+02 1.266730000000000018e+02 4.706200000000000045e+02 7.235739999999999839e+01
5.476770000000000209e+02 2.165540000000000020e+02 4.679420000000000073e+02 1.575970000000000084e+02
5.488450000000000273e+02 2.540169999999999959e+02 4.664929999999999950e+02 2.943399999999999750e+02
5.505549999999999500e+02 3.118129999999999882e+02 4.664929999999999950e+02 2.943399999999999750e+02
5.531770000000000209e+02 1.784550000000000125e+02 4.769340000000000259e+02 1.321970000000000027e+02
5.541369999999999436e+02 2.014670000000000130e+02 4.770760000000000218e+02 1.603439999999999941e+02
5.547459999999999809e+02 2.398810000000000002e+02 4.753240000000000123e+02 2.073369999999999891e+02
5.556330000000000382e+02 3.073720000000000141e+02 4.744850000000000136e+02 3.624990000000000236e+02
5.588559999999999945e+02 3.675930000000000177e+02 4.749110000000000014e+02 3.623509999999999991e+02
5.649450000000000500e+02 1.750039999999999907e+02 4.881000000000000227e+02 1.268790000000000049e+02
5.658479999999999563e+02 2.216740000000000066e+02 7.691130000000000564e+02 4.584429999999999836e+02
5.674959999999999809e+02 2.363040000000000020e+02 4.882850000000000250e+02 2.010389999999999873e+02
5.682749999999999773e+02 2.655470000000000255e+02 4.876469999999999914e+02 2.366990000000000123e+02
5.690209999999999582e+02 2.987269999999999754e+02 4.942130000000000223e+02 2.930129999999999768e+02
5.690259999999999536e+02 2.762040000000000077e+02 4.879279999999999973e+02 2.500180000000000007e+02
5.690339999999999918e+02 2.693410000000000082e+02 4.884619999999999891e+02 2.415300000000000011e+02
5.691639999999999873e+02 2.140070000000000050e+02 4.911440000000000055e+02 1.743069999999999879e+02
5.693360000000000127e+02 2.913319999999999936e+02 4.880539999999999736e+02 2.686200000000000045e+02
5.695140000000000100e+02 2.221500000000000057e+02 4.911539999999999964e+02 1.841750000000000114e+02
5.695170000000000528e+02 2.961879999999999882e+02 4.880299999999999727e+02 2.739780000000000086e+02
5.701009999999999991e+02 3.086109999999999900e+02 4.883690000000000282e+02 2.891539999999999964e+02
5.704710000000000036e+02 3.204859999999999900e+02 4.878849999999999909e+02 3.042320000000000277e+02
5.706299999999999955e+02 1.547489999999999952e+02 4.970070000000000050e+02 1.077030000000000030e+02
5.709950000000000045e+02 3.593659999999999854e+02 4.871220000000000141e+02 3.521979999999999791e+02
5.712500000000000000e+02 4.758410000000000082e+02 2.022210000000000036e+02 3.028519999999999754e+02
5.714210000000000491e+02 3.594590000000000032e+02 4.871220000000000141e+02 3.521979999999999791e+02
5.730320000000000391e+02 3.035720000000000027e+02 4.917810000000000059e+02 2.840559999999999832e+02
5.743339999999999463e+02 3.393860000000000241e+02 4.916440000000000055e+02 3.275360000000000014e+02
5.745960000000000036e+02 3.111589999999999918e+02 4.942130000000000223e+02 2.930129999999999768e+02
5.750720000000000027e+02 3.720140000000000100e+02 4.914259999999999877e+02 3.680120000000000005e+02
5.758590000000000373e+02 2.083079999999999927e+02 4.562289999999999850e+02 1.246650000000000063e+02
5.766230000000000473e+02 5.531559999999999491e+02 2.087510000000000048e+02 4.850840000000000032e+02
5.783750000000000000e+02 2.429859999999999900e+02 5.050339999999999918e+02 2.654739999999999895e+02
5.789450000000000500e+02 2.715729999999999791e+02 4.562289999999999850e+02 1.246650000000000063e+02
5.791399999999999864e+02 2.884259999999999877e+02 4.562289999999999850e+02 1.246650000000000063e+02
5.794950000000000045e+02 2.885199999999999818e+02 4.562289999999999850e+02 1.246650000000000063e+02
5.823920000000000528e+02 2.428259999999999934e+02 1.879749999999999943e+02 2.533859999999999957e+02
5.828970000000000482e+02 3.498170000000000073e+02 5.195130000000000337e+02 3.622330000000000041e+02
5.840030000000000427e+02 3.026329999999999814e+02 5.098840000000000146e+02 2.813729999999999905e+02
5.851250000000000000e+02 1.497769999999999868e+02 5.203819999999999482e+02 1.035340000000000060e+02
5.855620000000000118e+02 2.531150000000000091e+02 2.014579999999999984e+02 3.123389999999999986e+02
5.874039999999999964e+02 3.824689999999999941e+02 5.104479999999999791e+02 3.821730000000000018e+02
5.884420000000000073e+02 5.580080000000000382e+02 5.329420000000000073e+02 3.044470000000000027e+02
5.934980000000000473e+02 2.557319999999999993e+02 3.376700000000000301e+01 5.315729999999999791e+02
5.944360000000000355e+02 2.759030000000000200e+02 5.283930000000000291e+02 2.511500000000000057e+02
5.952380000000000564e+02 3.868020000000000209e+02 5.235059999999999718e+02 3.877970000000000255e+02
5.958579999999999472e+02 3.063210000000000264e+02 5.290919999999999845e+02 2.884230000000000018e+02
5.960370000000000346e+02 3.116499999999999773e+02 5.292369999999999663e+02 2.956700000000000159e+02
5.962569999999999482e+02 3.916379999999999768e+02 5.248469999999999800e+02 3.941800000000000068e+02
6.104360000000000355e+02 3.959329999999999927e+02 5.492490000000000236e+02 4.001109999999999900e+02
6.126639999999999873e+02 1.805579999999999927e+02 5.617309999999999945e+02 1.405459999999999923e+02
6.164059999999999491e+02 3.961970000000000027e+02 5.572150000000000318e+02 4.012090000000000032e+02
6.168029999999999973e+02 5.513830000000000382e+02 5.207690000000000055e+02 5.827809999999999491e+02
6.172340000000000373e+02 3.929169999999999732e+02 5.583120000000000118e+02 3.966419999999999959e+02
6.183959999999999582e+02 1.986999999999999886e+02 5.942340000000000373e+02 1.752589999999999861e+02
6.219389999999999645e+02 3.368199999999999932e+02 5.688709999999999809e+02 3.276770000000000209e+02
6.241509999999999536e+02 2.936999999999999886e+02 5.749339999999999691e+02 2.770649999999999977e+02
6.252519999999999527e+02 3.142509999999999764e+02 5.757590000000000146e+02 2.997119999999999891e+02
6.273859999999999673e+02 2.101160000000000139e+02 5.827409999999999854e+02 1.768899999999999864e+02
6.297590000000000146e+02 2.385680000000000121e+02 5.846970000000000027e+02 2.101220000000000141e+02
6.297590000000000146e+02 2.385680000000000121e+02 5.846970000000000027e+02 2.101220000000000141e+02
6.317359999999999900e+02 2.931999999999999886e+02 6.090249999999999773e+02 2.833220000000000027e+02
6.318010000000000446e+02 2.763340000000000032e+02 5.873289999999999509e+02 2.563829999999999814e+02
6.350330000000000155e+02 2.082489999999999952e+02 5.942340000000000373e+02 1.752589999999999861e+02
6.362530000000000427e+02 3.681279999999999859e+02 6.008170000000000073e+02 3.065649999999999977e+02
6.373160000000000309e+02 2.300749999999999886e+02 5.971309999999999718e+02 2.015699999999999932e+02
6.383680000000000518e+02 2.645339999999999918e+02 5.964239999999999782e+02 2.409859999999999900e+02
6.389450000000000500e+02 2.719289999999999736e+02 5.973890000000000100e+02 2.504759999999999991e+02
6.397599999999999909e+02 2.440879999999999939e+02 5.997440000000000282e+02 2.175279999999999916e+02
6.401409999999999627e+02 5.430610000000000355e+02 6.474099999999999682e+02 5.496589999999999918e+02
6.404230000000000018e+02 2.895670000000000073e+02 5.994120000000000346e+02 2.719460000000000264e+02
6.414410000000000309e+02 3.746469999999999914e+02 5.832880000000000109e+02 3.076220000000000141e+02
6.424360000000000355e+02 2.117789999999999964e+02 6.053719999999999573e+02 1.807019999999999982e+02
6.459869999999999663e+02 1.982560000000000002e+02 6.329759999999999991e+02 1.610000000000000000e+02
6.469610000000000127e+02 5.415309999999999491e+02 6.358519999999999754e+02 5.533350000000000364e+02
6.484099999999999682e+02 3.045590000000000259e+02 6.107440000000000282e+02 2.906259999999999764e+02
6.504640000000000555e+02 3.305360000000000014e+02 6.130480000000000018e+02 3.221000000000000227e+02
6.516040000000000418e+02 2.545660000000000025e+02 6.166280000000000427e+02 2.313689999999999998e+02
6.551570000000000391e+02 2.932860000000000014e+02 6.215259999999999536e+02 2.773840000000000146e+02
6.572279999999999518e+02 3.238670000000000186e+02 6.231470000000000482e+02 3.121209999999999809e+02
6.589500000000000455e+02 3.697230000000000132e+02 6.327740000000000009e+02 3.072210000000000036e+02
6.591820000000000164e+02 2.546040000000000134e+02 6.281689999999999827e+02 2.311750000000000114e+02
6.595549999999999500e+02 2.606970000000000027e+02 6.290529999999999973e+02 2.408460000000000036e+02
6.599009999999999536e+02 1.931049999999999898e+02 6.329759999999999991e+02 1.610000000000000000e+02
6.629310000000000400e+02 3.224940000000000282e+02 5.964239999999999782e+02 2.409859999999999900e+02
6.643890000000000100e+02 3.298559999999999945e+02 6.268250000000000455e+02 2.158290000000000077e+02
6.692749999999999773e+02 4.664839999999999804e+02 4.269320000000000164e+02 5.068509999999999991e+02
6.721240000000000236e+02 5.899759999999999991e+02 6.721230000000000473e+02 5.899750000000000227e+02
6.745280000000000200e+02 3.374379999999999882e+02 6.841420000000000528e+02 3.284839999999999804e+02
6.746150000000000091e+02 3.899920000000000186e+02 2.149780000000000086e+02 1.910840000000000032e+02
7.132459999999999809e+02 5.909529999999999745e+02 6.721230000000000473e+02 5.899750000000000227e+02
7.226920000000000073e+02 3.456569999999999823e+02 7.564339999999999691e+02 3.520570000000000164e+02
7.266299999999999955e+02 3.427719999999999914e+02 7.610399999999999636e+02 3.487239999999999895e+02
7.280839999999999463e+02 3.464200000000000159e+02 7.628260000000000218e+02 3.529940000000000282e+02
7.386150000000000091e+02 3.481039999999999850e+02 7.752079999999999700e+02 3.550489999999999782e+02
7.452730000000000246e+02 3.418170000000000073e+02 7.096920000000000073e+02 3.613750000000000000e+02
7.459909999999999854e+02 3.472640000000000100e+02 6.850289999999999964e+02 3.313430000000000177e+02
7.516509999999999536e+02 3.604250000000000114e+02 7.021109999999999900e+02 3.621909999999999741e+02
7.582200000000000273e+02 4.344920000000000186e+02 7.340259999999999536e+02 4.514800000000000182e+02
7.652970000000000255e+02 4.333249999999999886e+02 7.459640000000000555e+02 4.501399999999999864e+02
7.683129999999999882e+02 4.382869999999999777e+02 7.507509999999999764e+02 4.566990000000000123e+02
7.763759999999999764e+02 3.489599999999999795e+02 7.945879999999999654e+02 5.919529999999999745e+02
7.836870000000000118e+02 5.908319999999999936e+02 7.707590000000000146e+02 5.872119999999999891e+02
7.837859999999999445e+02 4.951059999999999945e+02 7.810639999999999645e+02 5.160399999999999636e+02
7.875499999999999545e+02 4.431030000000000086e+02 7.867369999999999663e+02 4.624979999999999905e+02
7.899470000000000027e+02 5.335330000000000155e+02 6.524469999999999459e+01 5.901119999999999663e+02
7.918479999999999563e+02 3.052520000000000095e+02 7.918479999999999563e+02 3.052520000000000095e+02
7.920430000000000064e+02 4.767730000000000246e+02 7.949819999999999709e+02 5.439840000000000373e+02
7.928519999999999754e+02 2.542539999999999907e+02 7.918479999999999563e+02 3.052520000000000095e+02
7.929660000000000082e+02 5.070199999999999818e+02 7.939410000000000309e+02 5.281639999999999873e+02
7.947259999999999991e+02 5.920819999999999936e+02 7.945879999999999654e+02 5.919529999999999745e+02
7.947259999999999991e+02 5.920819999999999936e+02 7.945879999999999654e+02 5.919529999999999745e+02
